# timestamp tx ty tz qx qy qz qw
1667385519.890018224716 0.000000000000 0.000000000000 0.000000000000 0.000000000000 0.000000000000 0.000000000000 1.000000000000
1667385520.023067235947 -0.091359903685 0.047967978560 -0.061931248349 0.015074120318 0.045947572404 -0.014505633147 0.998724775949
1667385520.092220067978 -0.123589256387 -0.002940659240 -0.072497363365 -0.009104809947 0.061106729391 -0.017440269320 0.997937326221
1667385520.122736930847 -0.133562382193 0.007969648753 -0.084251606828 -0.006339549772 0.069261122093 -0.017422150007 0.997426275854
1667385520.519178867340 -0.331279024418 0.014187809663 -0.113738279447 0.006400312097 0.224104489841 -0.062070703522 0.972565391839
1667385520.855489492416 -0.474037570019 0.017782999565 -0.156578644233 0.039000465751 0.297846582841 -0.078588101571 0.950573662086
1667385520.923752546310 -0.501864056141 0.018805948661 -0.174902163447 0.044518016341 0.305777723568 -0.080832323753 0.947620317125
1667385520.991065979004 -0.527130625833 0.022366891985 -0.195192226545 0.050894960564 0.311625634799 -0.079123375689 0.945536174953
1667385521.023061752319 -0.550183442539 0.010239052278 -0.190069269098 0.045549353359 0.319830210912 -0.073988935778 0.943482660137
1667385521.091278076172 -0.570140672768 0.035553988815 -0.198553021855 0.056883620249 0.324834745132 -0.077536735591 0.940869117750
1667385521.123301267624 -0.588704348293 0.038084406908 -0.204380454418 0.061057082179 0.326627798828 -0.069077920306 0.940645817869
1667385521.223726749420 -0.574597003153 0.037504825549 -0.250683916071 0.063015128436 0.309603734446 -0.067456298306 0.946374275339
1667385521.356649398804 -0.584800920016 0.047136864536 -0.349511026425 0.062435763295 0.293541870650 -0.068093990131 0.951471572957
1667385521.390774726868 -0.597150189600 0.048083682928 -0.360794021157 0.064286307130 0.293862310020 -0.059788898375 0.951807491616
1667385521.492663860321 -0.615254321828 0.057250869695 -0.396356447057 0.066877589661 0.295071513432 -0.054707728171 0.951560431313
1667385521.590248584747 -0.638093976529 0.056987334433 -0.441167335203 0.066734910472 0.297128046057 -0.055964914831 0.950857141888
1667385521.760048627853 -0.669092214782 0.054318925105 -0.477456441168 0.063432934229 0.304683909516 -0.059291817174 0.948487458301
1667385521.823730230331 -0.677848882546 0.054195814228 -0.488980479396 0.061712063340 0.305513022624 -0.060248243642 0.948273991726
1667385521.891735553741 -0.687948744389 0.037814970455 -0.515636706542 0.050338749539 0.303546374108 -0.067404715263 0.949095471183
1667385521.923108339310 -0.703673293475 0.040179746214 -0.522388797615 0.048256104507 0.305234088918 -0.067492878559 0.948656002292
1667385522.023852109909 -0.721953868574 0.033004852846 -0.538046135609 0.040623784433 0.307971068563 -0.070757165896 0.947890791463
1667385522.223444938660 -0.815276056145 0.042828330943 -0.567205924566 0.033401130726 0.320299977831 -0.087244736432 0.942698596919
1667385522.457030296326 -0.801007938990 0.017258318232 -0.661042740273 0.021875666829 0.288325295810 -0.087376801018 0.953286564282
1667385522.557511091232 -0.826886569858 0.016758877600 -0.703885401161 0.022454832144 0.288338849156 -0.086522892058 0.953346882163
1667385522.790703296661 -0.891912852839 0.036732904969 -0.784768377855 0.032335801970 0.295145531439 -0.084950368056 0.951118786561
1667385522.990201711655 -0.845647765654 0.023644186111 -0.869132951542 0.038093072114 0.249352500655 -0.083875663216 0.964021328288
1667385523.024190425873 -0.863584773120 0.019821555977 -0.875128387749 0.039734943454 0.244230851707 -0.083011246763 0.965340125683
1667385523.123317480087 -0.862493381245 0.042872979076 -0.920336026837 0.053509994783 0.224382215368 -0.082139707153 0.969557822099
1667385523.192870140076 -0.879891558701 0.038190591917 -0.947041963563 0.052358558807 0.221548112806 -0.085480129387 0.969983588785
1667385523.358183860779 -0.864103082880 0.021438685831 -1.013596343764 0.048289671919 0.188468971323 -0.091285984152 0.976634232214
1667385523.458250761032 -0.883072662383 0.027710540321 -1.059372072708 0.049351337254 0.182158409338 -0.089492056780 0.977943725984
1667385523.558160305023 -0.906965704008 0.025193767757 -1.066657247465 0.046449339135 0.185727455886 -0.095830169575 0.976813364785
1667385523.690962314606 -0.933439627252 0.019358540275 -1.125881089103 0.038665917912 0.183759596473 -0.109105652475 0.976131811844
1667385523.756581544876 -0.956534768269 0.023642557772 -1.149628478754 0.036121200197 0.181938609938 -0.108878484635 0.976595656704
1667385523.958953142166 -0.973842597922 0.036612044007 -1.210861474240 0.027482491923 0.171337447172 -0.105430666029 0.979169324731
1667385524.057075738907 -0.926266354351 0.069069094743 -1.287026860210 0.034354649203 0.140412511483 -0.090946295246 0.985308508072
1667385524.091647624969 -0.939118079940 0.068010873668 -1.300044482009 0.031430426953 0.139238955142 -0.084752233462 0.986124586731
1667385524.156080007553 -0.956549738083 0.070627729379 -1.328304561708 0.025922371008 0.137810098251 -0.085100974650 0.986455387544
1667385524.190988540649 -0.968423020731 0.074988060180 -1.336363773688 0.022786114723 0.138435296944 -0.085556676540 0.986405857969
1667385524.391201019287 -0.999447756923 0.107162397028 -1.424971553075 0.010864249466 0.132464519272 -0.076471474987 0.988173685508
1667385524.456042051315 -1.005114882417 0.108389157324 -1.440026933564 0.004918198434 0.129853031849 -0.076858790006 0.988537671433
1667385524.492151737213 -1.014251317794 0.106466945489 -1.453840567015 0.001027185614 0.130774675539 -0.075859512491 0.988505064981
1667385524.524374246597 -1.021266635161 0.119362269809 -1.461262939818 0.003083716804 0.132804296803 -0.073285068891 0.988424406882
1667385524.654762506485 -1.033972333499 0.123034535681 -1.526020637340 -0.005363081120 0.137010858103 -0.072328840542 0.987910826415
1667385524.721697330475 -1.046674853700 0.144137407171 -1.542013813428 -0.000632727279 0.142993256033 -0.066412465874 0.987492740612
1667385524.825566291809 -1.051278644485 0.124332686112 -1.588109524273 -0.006912601628 0.145499431226 -0.069944852616 0.986858576010
1667385524.887120723724 -1.062661739536 0.119418309235 -1.594460791294 -0.008989549370 0.149010098025 -0.070018065355 0.986312652871
1667385524.992008209229 -1.070921293643 0.129688706415 -1.642849747924 -0.004315420361 0.153982410031 -0.057887285587 0.986366999000
1667385525.056503534317 -1.077019364796 0.129866659156 -1.675611625228 -0.002228976604 0.153603826813 -0.059070172723 0.986362819021
1667385525.224767923355 -1.097432515987 0.134492950277 -1.754313956445 0.006788497589 0.157294346997 -0.064370869088 0.985428229713
1667385525.290983676910 -1.113972084762 0.130136433588 -1.782924698102 0.008837700544 0.157836850425 -0.065503343613 0.985250595368
1667385525.354564666748 -1.128376658536 0.125967899152 -1.812566319817 0.010808483984 0.157148062042 -0.059600762983 0.985715685339
1667385525.457899808884 -1.144888680761 0.121457603423 -1.859198817438 0.013614221462 0.155379534428 -0.063636907097 0.985708982058
1667385525.557679653168 -1.163771285671 0.125013400918 -1.905214189311 0.018060329891 0.156767056713 -0.063830630793 0.985405279561
1667385525.656381368637 -1.135318939606 0.117338052954 -1.941569312248 0.017086609239 0.140343005116 -0.062888739702 0.987955917599
1667385525.756952285767 -1.143618324072 0.120496037553 -1.990915613650 0.016895904035 0.142847510472 -0.053729224455 0.988140823779
1667385525.824146986008 -1.143544754878 0.129717849314 -2.022981860726 0.018467660484 0.143421941005 -0.052908235492 0.988073788222
1667385525.893694639206 -1.148026356571 0.142914536264 -2.052794753005 0.022788632383 0.147233315878 -0.051283619325 0.987508490758
1667385525.925668239594 -1.150269577897 0.148413357658 -2.068374265702 0.023508882794 0.149251304417 -0.057555652796 0.986842807843
1667385526.025628089905 -1.156631689236 0.149133707838 -2.118566443860 0.021309015789 0.157291112200 -0.054619577300 0.985810394368
1667385526.125603437424 -1.163007690387 0.154395778051 -2.167859974819 0.021916941336 0.163148253898 -0.049008502346 0.985139818315
1667385526.191673994064 -1.168993430940 0.158475240413 -2.186335794695 0.021403137746 0.168733498285 -0.046299926057 0.984341012606
1667385526.257338762283 -1.174862993575 0.175013608718 -2.214497257418 0.024613759985 0.174773282388 -0.043387772695 0.983344275299
1667385526.390436172485 -1.201260132113 0.195851118672 -2.268889609724 0.028734501761 0.196552056997 -0.036535693792 0.979391015059
1667385526.490406036377 -1.219725043130 0.200416574550 -2.315122818663 0.022357865535 0.211959121761 -0.029079351193 0.976589907733
1667385526.558412313461 -1.227415315363 0.203117845004 -2.346381283883 0.018585706168 0.221419339479 -0.030018005307 0.974539361436
1667385526.754990816116 -1.149355852387 0.169998014649 -2.400040280257 -0.017380667604 0.191842748693 -0.039050915339 0.980494415170
1667385526.891458034515 -1.159152032419 0.189419453008 -2.462041167326 -0.014946101113 0.217222334671 -0.022907346463 0.975738860997
1667385526.955211400986 -1.159124222872 0.201267713874 -2.491548972750 -0.011075221649 0.222827554808 -0.014464847034 0.974687636366
1667385527.225563049316 -1.177084758233 0.231074095677 -2.612122309153 0.001949792699 0.249091391853 -0.014933923363 0.968362873486
1667385527.353931665421 -1.143447988203 0.231322014130 -2.665438248407 0.008175401740 0.217848124678 -0.024864777936 0.975631641655
1667385527.422224760056 -1.162316405962 0.225133721821 -2.653329134066 0.008660934126 0.229158846146 -0.029438772024 0.972905221568
1667385527.458264589310 -1.178048391244 0.220440732154 -2.649798655027 0.009410541878 0.238793221856 -0.032090476723 0.970494430793
1667385527.525911808014 -1.208424683755 0.212792124536 -2.640725445505 0.009571119773 0.250966126431 -0.042974994169 0.966994078020
1667385527.689323902130 -1.251983250696 0.189163548181 -2.638826255138 0.014451158549 0.261707363588 -0.063571166391 0.962942950888
1667385527.786819696426 -1.271886677681 0.181241111544 -2.625513066235 0.021538995675 0.266063047617 -0.067474135608 0.961349971333
1667385527.991224765778 -1.313265974054 0.150067394297 -2.596266062250 0.021188237547 0.273148257287 -0.089345574614 0.957579477865
1667385528.022521495819 -1.328909862094 0.146347639636 -2.592286515240 0.022432109872 0.277943149852 -0.088393985055 0.956258808745
1667385528.157866477966 -1.361222345781 0.137863629755 -2.577347164626 0.027713512380 0.284998368163 -0.089928949810 0.953897623103
1667385528.257719755173 -1.405290798787 0.118700940926 -2.564397649071 0.021211682186 0.301836672508 -0.095174787358 0.948359872369
1667385528.356607675552 -1.433278031933 0.101855780842 -2.546819079221 0.011427908155 0.315580121231 -0.104930320555 0.943010189673
1667385528.457589387894 -1.420091679384 0.103728419607 -2.588733733879 0.023609406225 0.307857755347 -0.095963924613 0.946285962901
1667385528.555954217911 -1.394304968815 0.091967151064 -2.629477935691 0.029371445221 0.296248242419 -0.087520826721 0.950638944058
1667385528.791027545929 -1.469721298138 0.079124300835 -2.594099142491 0.022205161334 0.331423520038 -0.099184067249 0.937991418927
1667385529.057869672775 -1.519305652153 0.079462673821 -2.564082883377 0.016943511884 0.343335684147 -0.103009342919 0.933393057971
1667385529.225493669510 -1.583188575241 0.094825984830 -2.580974615886 0.019613819510 0.350059802686 -0.098106683866 0.931369159468
1667385529.358589649200 -1.629645009911 0.098436500735 -2.556924515546 0.011692065135 0.355025187306 -0.105123198246 0.928853877196
1667385529.424660205841 -1.659309629406 0.099553076389 -2.560674738638 0.007765752313 0.362399552644 -0.107034567478 0.925823881037
1667385529.589012145996 -1.712442745530 0.122433654264 -2.587105134662 0.015715349305 0.368779385174 -0.099202653939 0.924074470115
1667385529.693936586380 -1.755838500805 0.135895408602 -2.575135060046 0.018351050028 0.378202685670 -0.097092992315 0.920434092349
1667385529.724002122879 -1.770977020920 0.139916436572 -2.569147979104 0.018958857171 0.384388269985 -0.098739613834 0.917680068593
1667385530.023590087891 -1.828291401850 0.143805907393 -2.541275062034 0.009319352922 0.386016828160 -0.100353356820 0.916969662428
1667385530.386292934418 -1.889071025837 0.153214050662 -2.491360973962 -0.003975552322 0.388843347218 -0.099214418228 0.915937522718
1667385530.690741300583 -1.893231153430 0.097180589762 -2.603093307805 -0.050819867136 0.334010292441 -0.117333509841 0.933856152261
1667385530.921228885651 -1.889468020254 0.054818057701 -2.671885803161 -0.082067940987 0.286638113687 -0.128257984598 0.945861160124
1667385531.190477371216 -1.990208690502 0.088003530221 -2.681322388320 -0.076586983968 0.282022419379 -0.132822646928 0.947077575132
1667385531.488577604294 -2.099562580105 0.065765517122 -2.742821139757 -0.083824212815 0.281805443886 -0.161081841510 0.942131537248
1667385531.557211160660 -2.116088139219 0.058482102665 -2.770824969097 -0.083480565806 0.281064489203 -0.161941153170 0.942236069651
1667385531.657324790955 -2.145191250914 0.058975406780 -2.783909471040 -0.080613803768 0.288622812066 -0.167234606758 0.939271458791
1667385531.790463924408 -2.180869755236 0.037387915606 -2.836058978202 -0.081474428490 0.296172396733 -0.172958055961 0.935804114008
1667385532.090608835220 -2.126620515239 0.017505994638 -2.962099366357 -0.067352619163 0.277988187606 -0.170988696562 0.942840950474
1667385532.390911102295 -2.107169881268 0.018205229073 -3.097453390640 -0.042727472711 0.283144159406 -0.176312237862 0.941763103360
1667385532.690451145172 -2.077829183539 -0.018701626885 -3.233762175493 -0.033494153645 0.291619667337 -0.169207769023 0.940853252211
1667385532.892388105392 -2.096828821382 -0.033791400780 -3.287136411805 -0.030592684014 0.310068038295 -0.159443402466 0.936749540017
1667385533.124748706818 -2.124552614167 -0.058783806039 -3.394963612872 -0.032727422972 0.318149646034 -0.158022826648 0.934204744567
1667385533.190856933594 -2.135574915236 -0.050488644478 -3.384229344348 -0.027444359038 0.330688865628 -0.156496494790 0.930269062382
1667385533.292768955231 -2.159334329730 -0.047478379650 -3.382318363614 -0.025965985253 0.349481621497 -0.159458686704 0.922909145626
1667385533.558010339737 -2.205593016412 -0.049462851483 -3.391868658947 -0.023561415363 0.371655087204 -0.169093592959 0.912537513027
1667385533.688432931900 -2.221158566082 -0.062594969145 -3.448539479227 -0.016271739774 0.353362135348 -0.162771934606 0.921073139925
1667385533.792287111282 -2.251634520549 -0.060952774005 -3.453216844980 -0.011445888542 0.359390333654 -0.166133469788 0.918208718063
1667385533.857381582260 -2.264520890402 -0.058958608638 -3.448859225408 -0.006813451219 0.362227662032 -0.164887218693 0.917364105932
1667385533.952954530716 -2.280411276857 -0.060702267677 -3.485713724885 0.000389346448 0.344659647369 -0.161415333642 0.924745730431
1667385534.019512891769 -2.290496924225 -0.053332736766 -3.511918768103 0.009214625672 0.332558405363 -0.162153504222 0.928992055275
1667385534.290059566498 -2.305603689037 -0.064838360831 -3.604828966997 0.009716791924 0.258967330283 -0.162954230262 0.951991294414
1667385534.391750097275 -2.328171549050 -0.056732080837 -3.607468165183 0.011439562618 0.253825836670 -0.162892379285 0.953366484526
1667385534.458600282669 -2.333821015187 -0.054520240530 -3.638500447711 0.011043469917 0.238235585472 -0.161880698904 0.957557563235
1667385534.589055538177 -2.364617335618 -0.047807577064 -3.642884022749 0.007104860615 0.229156835447 -0.165364498423 0.959213869992
1667385534.757000684738 -2.390988927480 -0.034088223372 -3.648118304428 0.006295030964 0.223027574521 -0.167918167006 0.960220059558
1667385534.822764635086 -2.389925600263 -0.033690106962 -3.676818140656 0.003424698643 0.209622363865 -0.168323007181 0.963179163635
1667385534.957793712616 -2.429480606856 -0.022033388013 -3.723358925425 -0.004642973107 0.213877999136 -0.175187002120 0.961012049131
1667385535.053021192551 -2.462723807149 -0.005164580874 -3.756680584748 -0.010131492745 0.212380731679 -0.176440538989 0.961072585119
1667385535.222997665405 -2.486556789882 0.019355764609 -3.775314024210 -0.013059990281 0.211684262950 -0.173245996707 0.961771820183
1667385535.287352085114 -2.486172797710 0.019894829481 -3.802464423167 -0.021131745986 0.200385733555 -0.174443602706 0.963830086983
1667385535.358686447144 -2.506729156876 0.031435833460 -3.820554760801 -0.023695642820 0.203308244482 -0.167864299366 0.964326630989
1667385535.491211175919 -2.545575795600 0.047951281241 -3.858498708406 -0.030430500069 0.206664392075 -0.160337194218 0.964705031532
1667385535.624712944031 -2.585040593063 0.066980644647 -3.896383921867 -0.033000279019 0.213669550831 -0.155617758650 0.963866908772
1667385535.691804885864 -2.604684466389 0.077790537021 -3.919243597269 -0.033504789230 0.214861155912 -0.146986800474 0.964938854677
1667385535.958198070526 -2.691011954077 0.094748975875 -4.007635949100 -0.045407235439 0.246970896369 -0.132974706410 0.958781146442
1667385536.258931875229 -2.665945333281 0.069929469317 -4.130011188960 -0.070596126876 0.216834479085 -0.130171967947 0.964911526675
1667385536.657554626465 -2.656199468897 0.059396668028 -4.291393380253 -0.081502059146 0.228950754422 -0.133276217420 0.960820699337
1667385536.790354013443 -2.647102568740 0.022088142955 -4.332815691813 -0.095251106238 0.225809141858 -0.131885971047 0.960491305976
1667385536.991187810898 -2.655586280264 -0.045127121305 -4.379947152056 -0.118666548960 0.215155697306 -0.185757393244 0.951378193428
1667385537.290517807007 -2.730878286856 -0.063536049693 -4.358860061994 -0.103814990285 0.254867680541 -0.209174847082 0.938355367947
1667385537.491258144379 -2.762051228873 -0.093103316158 -4.436854483641 -0.085302022441 0.207957842949 -0.205338318472 0.952529934170
1667385537.656237840652 -2.823385948361 -0.095377922958 -4.449835946825 -0.072333152682 0.218942602003 -0.217204569961 0.948501042087
1667385537.723260164261 -2.843467842803 -0.090085515785 -4.444474575502 -0.067749538167 0.226360704862 -0.222877135060 0.945778311255
1667385537.789245605469 -2.854516856613 -0.089678267312 -4.474902018081 -0.061524470493 0.210448139533 -0.228979773915 0.948416882618
1667385537.858211755753 -2.869665188706 -0.088743027621 -4.472207060489 -0.062230920969 0.213185055293 -0.232851653627 0.946815479425
1667385537.886361837387 -2.881540153677 -0.080038952697 -4.479628801261 -0.057640428822 0.213771133097 -0.233987184422 0.946693974390
1667385537.924200057983 -2.896687962042 -0.075664951343 -4.484734263827 -0.055128043753 0.217331645500 -0.235967582708 0.945540667855
1667385537.988146305084 -2.911832546992 -0.070501993314 -4.487425839807 -0.053785057769 0.221323080475 -0.238048894315 0.944169468647
1667385538.055415391922 -2.926403708894 -0.062944569124 -4.488643470414 -0.052315246445 0.224280044690 -0.236670437306 0.943900779028
1667385538.126170873642 -2.930414294954 -0.070397868024 -4.517048744084 -0.053166499735 0.211403462989 -0.232540141373 0.947843331882
1667385538.321171998978 -2.968533738968 -0.033874452498 -4.520501822369 -0.035560094032 0.238554700339 -0.221931665076 0.944761065400
1667385538.455362319946 -3.010749419223 -0.000482532663 -4.539892439292 -0.037638702249 0.254610906963 -0.219966545297 0.940941726728
1667385538.655840635300 -3.008052704846 -0.001690078529 -4.627884903395 -0.064731560007 0.214270737595 -0.220072926233 0.949455519384
1667385538.856662511826 -3.067430240559 0.027391875002 -4.659820863709 -0.069943224717 0.232259894543 -0.210805665334 0.946955256686
1667385539.158425807953 -3.144690472901 0.075725923017 -4.657410182382 -0.077614883033 0.251662065194 -0.208508740704 0.941895025958
1667385539.357553243637 -3.225343260770 0.093010821391 -4.641226685052 -0.098304955997 0.265503480825 -0.221434715273 0.933172387166
1667385539.522399902344 -3.290791823625 0.110382728880 -4.641983591841 -0.100208180052 0.265387719329 -0.223934165971 0.932406117736
1667385539.590556859970 -3.308578146122 0.114178494910 -4.633886738246 -0.101815636416 0.268828073412 -0.233399720952 0.928918518163
1667385539.758407592773 -3.382807856432 0.124134258438 -4.642606345350 -0.099546378538 0.272849538800 -0.241623015956 0.925884423596
1667385539.855046033859 -3.365681411663 0.135020397809 -4.679243209689 -0.077895103001 0.239107890114 -0.224375448913 0.941496376912
1667385539.920881748199 -3.367404044684 0.138223004642 -4.709019205367 -0.072649712094 0.225977181423 -0.221894767863 0.945737302217
1667385539.993257045746 -3.385718046898 0.136523671374 -4.720817815069 -0.072058678572 0.229390830333 -0.219889430647 0.945429020123
1667385540.053449630737 -3.396375461286 0.136380444465 -4.721320184942 -0.071960485559 0.227877574468 -0.218630877637 0.946094096228
1667385540.257800817490 -3.475673998636 0.159452537231 -4.764965795292 -0.064452833949 0.235607712616 -0.214810059164 0.945616981887
1667385540.289897203445 -3.494097275232 0.163233756270 -4.764767958268 -0.064108195107 0.240449551556 -0.213790335565 0.944652234897
1667385540.355656147003 -3.489435201499 0.169569969308 -4.789052899321 -0.056536437366 0.228604815539 -0.209748637663 0.948972591048
1667385540.453749895096 -3.520426124173 0.174065659572 -4.819766181263 -0.055800745434 0.236437622530 -0.209783110354 0.947087416278
1667385540.625641822815 -3.575792009244 0.195662190194 -4.855414754187 -0.048784928604 0.252854834932 -0.211119675983 0.942927858113
1667385540.690043687820 -3.583235775994 0.187459857265 -4.866656644357 -0.056122792714 0.249952262443 -0.213231685323 0.942818300104
1667385540.790999412537 -3.607919955830 0.192549723486 -4.898384040183 -0.056185293714 0.252353427140 -0.214880589578 0.941800028033
1667385540.856377363205 -3.622923826552 0.201097887036 -4.897383800752 -0.054116740347 0.261240342058 -0.218702966317 0.938612739430
1667385540.956164836884 -3.638131341177 0.208445686423 -4.901922295657 -0.051690795412 0.267844914273 -0.219064933294 0.936801856621
1667385541.055544614792 -3.657553680412 0.219066746366 -4.900082209650 -0.049042713850 0.279434537927 -0.220244075193 0.933275789129
1667385541.124145984650 -3.670154016104 0.234572440501 -4.901892577411 -0.039449612230 0.287935083983 -0.216011086102 0.932135358297
1667385541.319883584976 -3.735542007625 0.260413602164 -4.945036549553 -0.035269673884 0.313933582097 -0.228504314023 0.920862386358
1667385541.856750965118 -3.801350732227 0.200514244345 -5.152212823193 -0.044579408398 0.253730248364 -0.200926788942 0.945125421781
1667385542.020508050919 -3.836286732572 0.203963809182 -5.125154655369 -0.040717089896 0.271633289723 -0.203846734322 0.939682916419
1667385542.124366521835 -3.872889503451 0.203076567776 -5.136366425409 -0.041623017368 0.283974773093 -0.211100848511 0.934378020091
1667385542.226674079895 -3.882822377867 0.200169589886 -5.178678933058 -0.037299385507 0.264631585084 -0.208587271999 0.940781712182
1667385542.455538272858 -3.899831911992 0.198249890619 -5.269381446128 -0.036820239546 0.216579758212 -0.206026684212 0.953567241303
1667385542.624619483948 -3.896092288027 0.187944649143 -5.326064831427 -0.039934895747 0.176979784327 -0.202068035434 0.962419798787
1667385542.690821170807 -3.915328177537 0.190195216388 -5.349109166953 -0.036868558746 0.179364397318 -0.208399762038 0.960749010686
1667385542.723357439041 -3.927796574210 0.194371792979 -5.358932837816 -0.036040466726 0.182474126453 -0.207083678319 0.960479374119
1667385542.790979862213 -3.931505420077 0.198002507304 -5.385276868387 -0.036273760082 0.172869068387 -0.211148247516 0.961362011469
1667385542.853485584259 -3.930152282808 0.196690762350 -5.413230950411 -0.038951313516 0.158753660998 -0.211517825739 0.963607949163
1667385542.924262285233 -3.928550901043 0.197636234426 -5.445360656889 -0.041981318668 0.148888754538 -0.216712157206 0.963901213079
1667385543.023119211197 -3.952477496054 0.216899222068 -5.479665189365 -0.034988964340 0.157041068636 -0.218093668253 0.962574167015
1667385543.058295965195 -3.950783364986 0.213567796701 -5.496274044975 -0.039382969633 0.149921600567 -0.220696143131 0.962946368077
1667385543.154480934143 -3.946611265344 0.201715742266 -5.526475739291 -0.051121509691 0.135901832014 -0.224913409934 0.963499476561
1667385543.222825288773 -3.953593272232 0.209180326394 -5.537708693077 -0.049484642140 0.138179432445 -0.224338060090 0.963395115950
1667385543.323225736618 -3.947995090509 0.187061367378 -5.575797085634 -0.071665793338 0.117114498391 -0.234627507338 0.962339930135
1667385543.423463344574 -3.960890026337 0.199046111211 -5.587830555085 -0.069263195107 0.121814006726 -0.234285882919 0.962015635338
1667385543.622946500778 -3.941570280890 0.187696599804 -5.676792422076 -0.077257812679 0.077644763676 -0.229336336818 0.967164601125
1667385543.754063367844 -3.979019289784 0.208044295027 -5.707012085825 -0.074442967792 0.094618188723 -0.229581358941 0.965814704038
1667385544.055424451828 -3.946359748844 0.181608073685 -5.823773227315 -0.089300464442 0.012115884271 -0.211094168734 0.973302565663
1667385544.124347209930 -3.963772572645 0.187461156340 -5.839728317808 -0.086557913375 0.018225607999 -0.210597398080 0.973562679424
1667385544.590123414993 -4.104722098298 0.230172061540 -5.927863594593 -0.079947367770 0.049182998503 -0.223489474290 0.970176224161
1667385544.691979646683 -4.129431190749 0.235591794142 -5.933501108047 -0.083058863411 0.062214907223 -0.231497220722 0.967284636147
1667385544.756075859070 -4.144911188143 0.247927347034 -5.955064327096 -0.080154147761 0.072575181264 -0.235478664818 0.965845719604
1667385544.787467241287 -4.137996180796 0.244729567255 -5.970233104549 -0.083718593637 0.064821524387 -0.238900338928 0.965254368089
1667385544.923012733459 -4.122577134887 0.227921982234 -6.020868944775 -0.094404809358 0.041958235716 -0.247425360932 0.963383583622
1667385544.987420797348 -4.125429072241 0.220351502044 -6.053048749146 -0.098591384680 0.037943745019 -0.246055114590 0.963481650923
1667385545.057377338409 -4.125178840251 0.219677151104 -6.084420190294 -0.098509161319 0.037254445926 -0.247806396668 0.963068035585
1667385545.223170518875 -4.145565880962 0.232859217356 -6.123422017387 -0.092870868587 0.046279189650 -0.250267571853 0.962600322487
1667385545.658539295197 -4.268842987342 0.261654649256 -6.259479191739 -0.067417351436 0.096377568248 -0.238627442429 0.963962244481
1667385545.757605791092 -4.257168467529 0.244264588350 -6.297144721422 -0.075698247591 0.064943499973 -0.232073947359 0.967571082701
1667385545.790315628052 -4.250960708261 0.245532635297 -6.310848379597 -0.072536706767 0.056354396927 -0.230879789588 0.968636738348
1667385545.891867876053 -4.264927229919 0.247600694457 -6.356880744916 -0.070243625838 0.055295940083 -0.229681399291 0.969151508722
1667385545.990968227386 -4.287864381639 0.249296821840 -6.395012426059 -0.068805175620 0.062992736220 -0.226103221009 0.969626266373
1667385546.058493375778 -4.299140011736 0.254221250816 -6.402128944273 -0.067942491752 0.066964098763 -0.226632287073 0.969297391799
1667385546.190379619598 -4.325571729303 0.257450073652 -6.452812113678 -0.064011171412 0.077433708783 -0.230744952108 0.967813699921
1667385546.288624763489 -4.345328964836 0.262546277626 -6.467833576198 -0.064985272479 0.081594536193 -0.234564859412 0.966487750959
1667385546.457786560059 -4.312276325587 0.238871319664 -6.533896307010 -0.079473643401 0.034572863517 -0.247540692886 0.964993400225
1667385546.524456501007 -4.305044217801 0.228512902835 -6.561702495108 -0.084947228431 0.020719240132 -0.255825250131 0.962760677877
1667385546.587940931320 -4.313958794631 0.233095110882 -6.567701875313 -0.084677789055 0.025798511107 -0.255339888685 0.962790553605
1667385546.658123254776 -4.319662369044 0.230844690002 -6.597210606432 -0.083414735236 0.031494538972 -0.262407801378 0.960828924282
1667385546.857171297073 -4.377698451807 0.252677441802 -6.637236973227 -0.082680219915 0.074419081474 -0.279602920885 0.953649824716
1667385546.958365917206 -4.388382708835 0.278240226730 -6.650618687215 -0.064240662345 0.087712422857 -0.272311298715 0.956047187523
1667385547.124393939972 -4.456447185819 0.318239862848 -6.666787019349 -0.064662904876 0.102989878900 -0.274316010521 0.953919556330
1667385547.520925998688 -4.501275734978 0.441281750691 -6.511849274943 -0.025372859831 0.182247048899 -0.284568751852 0.940830939447
1667385547.590346574783 -4.506373286207 0.462566520956 -6.515754454489 -0.011550513661 0.189065915843 -0.278982675662 0.941429408815
1667385547.891867160797 -4.585279046907 0.511826236178 -6.475814267711 -0.010756717926 0.213435918212 -0.279919397147 0.935935111499
1667385547.990845441818 -4.628559837391 0.535606980812 -6.482828924771 -0.011176577261 0.201688737173 -0.282465748164 0.937768542090
1667385548.058025360107 -4.637743228310 0.511403058905 -6.496187518792 -0.035222784034 0.184306667374 -0.299620449140 0.935423965004
1667385548.122900247574 -4.647696639579 0.526179593238 -6.491767663932 -0.026896797553 0.182961631754 -0.299627842730 0.935961943376
1667385548.223106622696 -4.630280542019 0.532372471888 -6.535216240687 -0.019492644110 0.146601148104 -0.305906602092 0.940504806472
1667385548.525352716446 -4.729388882931 0.573899899780 -6.504542045688 -0.012419065489 0.162740660670 -0.322580855375 0.932364111237
1667385548.690309762955 -4.775538012473 0.586964179388 -6.476872225138 -0.011292076438 0.184767149012 -0.332308190413 0.924826933129
1667385548.954824209213 -4.830679095252 0.608341316172 -6.428780561734 -0.003498037694 0.212387841685 -0.327671806780 0.920603256283
1667385549.120029926300 -4.848240487669 0.651977540954 -6.415479731506 0.017943973328 0.233582916342 -0.314963901412 0.919736253402
1667385549.658493280411 -4.827291638484 0.772783369233 -6.197794482362 0.059266513220 0.302593371223 -0.312977556572 0.898314967695
1667385549.822993755341 -4.885316719862 0.776922767444 -6.176360955421 0.040937118790 0.336738641343 -0.318086030080 0.885297982150
1667385550.258927583694 -5.023519217355 0.876069040132 -6.054740010401 0.030336960034 0.351062262952 -0.319488421838 0.879637484819
1667385550.390437602997 -5.040481228271 0.862873949073 -6.112357001908 0.029857929611 0.336246591261 -0.301380080047 0.891749281612
1667385550.590028762817 -5.080466637880 0.866899371298 -6.099581596085 0.029587705015 0.337705736034 -0.298341996341 0.892228365824
1667385550.689221382141 -5.088803466658 0.870824933071 -6.134717079029 0.028682307351 0.321009414833 -0.303387237414 0.896708684584
1667385550.857840061188 -5.110490917396 0.866593041555 -6.209312003050 0.026059034078 0.288813711732 -0.296996396539 0.909780581844
1667385550.920157432556 -5.137802201038 0.883024092790 -6.217978412016 0.025092325623 0.289688721747 -0.300481229405 0.908384197607
1667385551.285535573959 -5.156013577863 0.875502105810 -6.369571407811 -0.004514429327 0.223227127894 -0.310777481029 0.923886695751
1667385551.322447776794 -5.169507118351 0.882700084426 -6.369748413282 -0.005491022150 0.227098016826 -0.312800502933 0.922253861360
1667385551.387932062149 -5.162724684713 0.888298360081 -6.399694252891 -0.004617267574 0.210208833294 -0.317051648691 0.924807644490
1667385551.420751571655 -5.175549377626 0.894970007982 -6.398567896357 -0.004202548225 0.214090001865 -0.316479715481 0.924114927581
1667385551.519665241241 -5.183568500681 0.892256270826 -6.414239394957 -0.011469696850 0.205433535790 -0.320071351569 0.924780967760
1667385551.622622489929 -5.223815623142 0.912145452386 -6.436036058915 -0.013743060486 0.206857846744 -0.321953178648 0.923778712835
1667385551.723293304443 -5.249684750785 0.916451841050 -6.472404096199 -0.017117656408 0.210296631563 -0.324067300988 0.922205344282
1667385551.758013248444 -5.264270807018 0.921328837059 -6.478574005080 -0.017945773944 0.214739656337 -0.321835465161 0.921947266691
1667385551.957495212555 -5.314258714463 0.927712712301 -6.558373057203 -0.023160310105 0.223693890308 -0.329262824513 0.917066320322
1667385552.221760272980 -5.366378238802 0.940247880024 -6.679247483792 -0.019723193800 0.233120967997 -0.332089020124 0.913773764462
1667385552.458620548248 -5.447345660893 0.943249867817 -6.759418674526 -0.023737997135 0.256351102829 -0.332944842877 0.907120913204
1667385552.519111156464 -5.461681110498 0.938434648155 -6.789124223761 -0.023071291702 0.255443449528 -0.332536851829 0.907543718929
1667385552.557674884796 -5.475282217008 0.940918484480 -6.798399438353 -0.022171330395 0.258888740712 -0.332742136348 0.906514049941
1667385552.585441350937 -5.480623684514 0.940152244331 -6.814212041744 -0.020106065923 0.256462723764 -0.332628397189 0.907293208845
1667385552.821772575378 -5.555540272669 0.950568446116 -6.860373447060 -0.017966786339 0.283811864179 -0.343371177680 0.895111308541
1667385552.989242792130 -5.602234357248 0.959211166165 -6.849613934469 -0.015020103784 0.306200371829 -0.352270322994 0.884263166886
1667385553.024646997452 -5.609923923266 0.968962402499 -6.844296686981 -0.008602213506 0.312548981482 -0.353429329894 0.881661411693
1667385553.091101169586 -5.619120966605 0.977414738296 -6.869207145150 -0.001478282529 0.302379429415 -0.361105882703 0.882137765218
1667385553.152382135391 -5.636709718316 0.973176726734 -6.868777257665 -0.006026280339 0.305980336868 -0.364793637708 0.879355058713
1667385553.325848579407 -5.695317441867 0.992751890126 -6.900342690585 0.001787271009 0.314851434770 -0.369322625261 0.874337565335
1667385553.586860895157 -5.768814472042 1.001061186093 -6.929497030001 -0.000867858380 0.318735656136 -0.379902531606 0.868378313184
1667385553.655895709991 -5.792667179200 1.003557392249 -6.950071588767 -0.001243076410 0.321476797531 -0.382857296221 0.866066633776
1667385553.786868572235 -5.812724632866 1.019591635167 -6.946778509902 0.004336495748 0.322327196236 -0.378768810465 0.867537066407
1667385553.856889009476 -5.822410949427 1.017364928255 -6.958583465027 -0.000888621858 0.318126952748 -0.381093024753 0.868079811291
1667385553.989858150482 -5.875015080937 1.039356481664 -6.987079763880 -0.002187200822 0.329969941681 -0.382462401930 0.863039723796
1667385554.156629085541 -5.918479585639 1.065720279602 -7.026170542366 -0.003325596962 0.339635655536 -0.387349711112 0.857086205229
1667385554.190635442734 -5.931454735102 1.067731712259 -7.036435892058 -0.008709255654 0.339638715645 -0.390874687891 0.855445305129
1667385554.388918399811 -5.963961451361 1.113751598921 -7.051348653230 0.000105674359 0.350713453930 -0.380119295200 0.855867620302
1667385554.556591987610 -6.005964386657 1.158617246033 -7.055023659841 0.000403049922 0.367474106219 -0.374052315313 0.851497201533
1667385554.590684890747 -6.003046298623 1.168827728324 -7.067912918105 0.002463622934 0.358535773226 -0.377365252723 0.853839268197
1667385554.754666566849 -6.026711584820 1.209539599352 -7.040500339159 0.001522698910 0.375357244845 -0.368254176782 0.850584200072
1667385554.886417150497 -6.041334404090 1.200989610325 -7.079668172523 -0.025670341634 0.339363576460 -0.363565771217 0.867175487737
1667385554.985117435455 -6.059379189028 1.187828634722 -7.115467611638 -0.041778430402 0.316222395636 -0.355040678400 0.878751430117
1667385555.056208848953 -6.070323830052 1.202011481244 -7.110956725051 -0.039014132329 0.320418778979 -0.353474315294 0.877989528402
1667385555.225366592407 -6.081502343635 1.184541210252 -7.186315408370 -0.069334178245 0.273013904081 -0.370159040162 0.885233565163
1667385555.292030572891 -6.097380517321 1.202435471215 -7.184548563469 -0.063708356284 0.275281811186 -0.370493570440 0.884813926220
1667385555.491399288177 -6.155109165873 1.221288049752 -7.167473251053 -0.072496143128 0.294102644928 -0.386523408324 0.871118590259
1667385555.623602628708 -6.208069140377 1.250126659558 -7.165475935893 -0.071293776699 0.300871257479 -0.393062438089 0.865965128392
1667385555.790693998337 -6.242270894732 1.258419824385 -7.153395474490 -0.076938611594 0.304748631589 -0.397402210739 0.862136998679
1667385555.888113975525 -6.255514651425 1.273005251386 -7.145174864400 -0.070408717535 0.311491392441 -0.399728154984 0.859204938908
1667385555.953454017639 -6.275126109297 1.279637547858 -7.163829994062 -0.068759199100 0.311609755227 -0.401191729298 0.858613259465
1667385556.057944059372 -6.281157165564 1.268055598719 -7.192177658534 -0.073999629099 0.297134655329 -0.401702262269 0.863058714100
1667385556.119125366211 -6.292583538210 1.279884527767 -7.188874431328 -0.069600639748 0.304264090633 -0.401464672442 0.861048913175
1667385556.259380340576 -6.302494622405 1.289076742252 -7.199494496888 -0.063425271896 0.304483460708 -0.399145182761 0.862525466360
1667385556.320260047913 -6.324730357759 1.295381286593 -7.214862735806 -0.063448764912 0.308225632304 -0.402153253984 0.859792983300
1667385556.455127239227 -6.370898209217 1.316268896294 -7.245106339326 -0.064548452416 0.324886775788 -0.405032528921 0.852191721812
1667385556.558221340179 -6.406020028763 1.336954252975 -7.270657360374 -0.064298109049 0.328160506360 -0.412679772901 0.847273179250
1667385556.623899936676 -6.427724484481 1.336301201892 -7.295030067516 -0.072046763680 0.326229432462 -0.415808433449 0.845864627415
1667385556.690353631973 -6.444549876103 1.349151881853 -7.316220928067 -0.067698691846 0.334570223412 -0.405120355828 0.848149249850
1667385556.758398771286 -6.452441955326 1.360048356311 -7.318194252196 -0.064078806832 0.339311682241 -0.406973884925 0.845655808115
1667385556.856162309647 -6.476743174782 1.383632562517 -7.341089707315 -0.054884196786 0.346705291755 -0.408931394786 0.842352823923
1667385556.917799234390 -6.485264513750 1.390561066252 -7.344401205924 -0.055535137861 0.348798839894 -0.411441682037 0.840220780529
1667385556.985517024994 -6.493862826603 1.389902435872 -7.369104096926 -0.061471831000 0.338191089372 -0.416426026771 0.841687213453
1667385557.088030576706 -6.526147685261 1.407716747654 -7.391423324195 -0.059890708671 0.343254073987 -0.422438380833 0.836741034075
1667385557.157948732376 -6.544442205972 1.428201242196 -7.398852740891 -0.055302459150 0.347147963008 -0.423583125690 0.834869609833
1667385557.255755901337 -6.566754993123 1.412840860147 -7.438149208249 -0.071958828398 0.328863979842 -0.420481514506 0.842535284565
1667385557.359331607819 -6.574247635708 1.437562531900 -7.428410804415 -0.065185880536 0.337401384446 -0.420870445019 0.839511271671
1667385557.525908708572 -6.591279073872 1.486725661019 -7.422051422110 -0.044987200545 0.350135788823 -0.417559315933 0.837272535588
1667385557.658360958099 -6.618329270207 1.471747610656 -7.470864534180 -0.073599767796 0.326491619526 -0.419890692286 0.843610160614
1667385558.051420688629 -6.683411675794 1.581598767886 -7.416564167838 -0.049899635995 0.344114060053 -0.414307796552 0.841097253424
1667385558.226046085358 -6.715639147462 1.607078628289 -7.387578990532 -0.049799316496 0.360174138274 -0.421118527601 0.830935499245
1667385558.424115657806 -6.754266160513 1.649311103070 -7.369022715534 -0.044027229709 0.371768060694 -0.433027400819 0.819961817545
1667385558.586959600449 -6.811560301093 1.682897753556 -7.374270662205 -0.045774153383 0.383668371150 -0.442581439745 0.809212566050
1667385558.726868867874 -6.834365848317 1.721016076855 -7.379385328792 -0.034137530762 0.391448856258 -0.446445053629 0.803921162812
1667385558.787977218628 -6.847191297431 1.733864669898 -7.398262488131 -0.029258529324 0.392311033679 -0.446994898767 0.803387547696
1667385559.023154258728 -6.888386465587 1.803082124574 -7.408813798361 -0.017249061737 0.409644220076 -0.447988826305 0.794481022010
1667385559.256261348724 -6.932469754678 1.884527265542 -7.355255660584 -0.013941603183 0.422148414443 -0.441730638062 0.791498825824
1667385559.525453090668 -6.972473508936 1.922438851096 -7.304399800439 -0.020559263193 0.456649877242 -0.432160000510 0.777358308807
1667385559.690887689590 -6.992584108858 1.963593540763 -7.267339684216 -0.015127617269 0.474137316818 -0.431357764766 0.767395229835
1667385559.823014259338 -7.032878479485 1.984819208947 -7.312556414704 -0.028491204950 0.464407229003 -0.437697778678 0.769373011894
1667385560.088122129440 -7.037243099393 2.040696680833 -7.263891710291 -0.007955225461 0.482659844078 -0.441279110906 0.756471371290
1667385560.190715789795 -7.043648686811 2.048947143957 -7.236019545714 -0.007486533680 0.491027185434 -0.439400062142 0.752172746361
1667385560.387959957123 -7.071540580347 2.068600414861 -7.175426792137 -0.018052577627 0.506442178305 -0.454670284205 0.732437954462
1667385560.424802541733 -7.078390545577 2.067077826488 -7.190494207177 -0.021955527083 0.495318062594 -0.458889480020 0.737291270005
1667385560.623351097107 -7.085769643909 2.102410673872 -7.130523170906 -0.012661015830 0.511772699546 -0.463323751604 0.723366783781
1667385560.820386648178 -7.130157996139 2.154912170009 -7.086311831302 -0.012267992256 0.519586103045 -0.466059059433 0.716008890314
1667385560.956212520599 -7.144189862979 2.179474297352 -7.059929117156 -0.010108450835 0.523164074156 -0.465362901985 0.713886923953
1667385561.092012882233 -7.159508028228 2.204259830826 -7.040120329876 -0.006600183185 0.529266617902 -0.463954717817 0.710337458235
1667385561.223307847977 -7.195534590612 2.201422448362 -7.073193164326 -0.020244780016 0.513108843577 -0.459923046903 0.724417182604
1667385561.287771463394 -7.205065323029 2.229681145069 -7.062282755861 -0.014710018403 0.515606471750 -0.457525034901 0.724295812557
1667385561.390681028366 -7.229126564326 2.267889927815 -7.051219358272 -0.012832573057 0.519230299158 -0.455504410905 0.723015181826
1667385561.457790136337 -7.254484709003 2.284559185620 -7.065010441177 -0.014503179975 0.517532798052 -0.451452059590 0.726732755972
1667385561.589688777924 -7.261461185921 2.312797799639 -7.042802099120 -0.012250626935 0.530249606931 -0.447389888171 0.720088580976
1667385561.790749073029 -7.276132328644 2.383492563474 -7.004862993273 -0.006739475060 0.542351449305 -0.443504420834 0.713521768143
1667385562.023505926132 -7.345159458855 2.395696866898 -7.054361976881 -0.027677449370 0.531971443239 -0.436656514319 0.724963054836
1667385562.291178941727 -7.366597587888 2.479629578327 -6.956185778127 -0.041438764449 0.539990421711 -0.442007656934 0.715068111772
1667385562.356180667877 -7.362755178223 2.501935844462 -6.948446479427 -0.031559424856 0.543728212433 -0.445387228154 0.710629193535
1667385562.656590938568 -7.376091465319 2.553644331139 -6.852177237628 -0.022571677940 0.570269496003 -0.448808333338 0.687644022158
1667385562.725488185883 -7.382698576421 2.582288723773 -6.840044481324 -0.014156724732 0.573524254878 -0.449509058221 0.684697833200
1667385562.857486009598 -7.409661119526 2.619671245314 -6.812826656472 -0.017770389134 0.578800572503 -0.461716434847 0.671931577121
1667385563.090112924576 -7.458534837933 2.615346517635 -6.835774030962 -0.023692250124 0.559544248173 -0.449561680966 0.695875855758
1667385563.290889739990 -7.462862408031 2.647975688864 -6.817113633321 -0.014942523111 0.560890476167 -0.447890748329 0.696112399192
1667385563.324454784393 -7.471347024150 2.660851850803 -6.811774402214 -0.015287587982 0.561798158591 -0.448174671254 0.695189601982
1667385563.691273927689 -7.487362469636 2.740834215318 -6.754733924067 -0.013255111260 0.570096407990 -0.450412349358 0.686981151974
1667385563.758250713348 -7.504431945984 2.763574277061 -6.744830980569 -0.012855363342 0.575316417080 -0.453212549752 0.680767320469
1667385563.857347249985 -7.543816239260 2.775825010351 -6.760593772638 -0.020851822663 0.567763348987 -0.453242429312 0.686863364367
1667385563.922417402267 -7.546843178708 2.799956131529 -6.742980713174 -0.020312594244 0.570409407464 -0.456725623833 0.682365159519
1667385563.955985784531 -7.552924280192 2.797115373267 -6.761332498980 -0.021766625694 0.561715438728 -0.456907403756 0.689374792325
1667385564.119483947754 -7.618685309104 2.810964303420 -6.791103559614 -0.032206529329 0.548753686622 -0.453956382219 0.701252974275
1667385564.317651510239 -7.646027631641 2.838683075994 -6.741339293706 -0.035597943099 0.562007635820 -0.456051474713 0.689127895342
1667385564.553831100464 -7.645797335475 2.907237044079 -6.665493911154 -0.024672510204 0.564921042745 -0.457448189171 0.686291947300
1667385564.689782619476 -7.671805272197 2.939764278881 -6.630366879016 -0.024029522216 0.569432892021 -0.456287037791 0.683352692752
1667385564.721532344818 -7.679497087500 2.954396696750 -6.618851892860 -0.021132727728 0.569477702962 -0.454516367207 0.684589968951
1667385565.022989749908 -7.767754196998 3.036899989503 -6.613585209880 -0.018452300255 0.581675101568 -0.442296239258 0.682413090122
1667385565.091647863388 -7.781210825534 3.063804266623 -6.605985707976 -0.020635205749 0.585252380382 -0.441345834633 0.679902709065
1667385565.188289880753 -7.810678434066 3.084436374242 -6.600153601985 -0.029685032773 0.591577283880 -0.435202073714 0.678051820337
1667385565.223147630692 -7.813366997894 3.100366666786 -6.595398529177 -0.028039764891 0.594634888094 -0.434619441183 0.675817329455
1667385565.288800954819 -7.833461540822 3.124774613597 -6.585808166143 -0.029738642975 0.599511700342 -0.431341663536 0.673532258741
1667385565.459737777710 -7.880984353462 3.176626769878 -6.575820501074 -0.035445500563 0.614728525746 -0.426177970919 0.662740366378
1667385565.490442037582 -7.885263366441 3.193298578208 -6.572872170630 -0.024782257879 0.617652374093 -0.418541163399 0.665368077843
1667385565.590459585190 -7.903527783037 3.205487345416 -6.610366050729 -0.031690927574 0.606761842547 -0.420097110294 0.674057986720
1667385565.687388181686 -7.931362083100 3.231523515231 -6.586720265237 -0.042889250107 0.616294598544 -0.422260303871 0.663353386820
1667385565.757338523865 -7.962004837619 3.235805413580 -6.598978172168 -0.055331734144 0.614954273317 -0.425446194107 0.661638252254
1667385565.992432594299 -8.048492239401 3.245552158934 -6.656284468482 -0.084232786584 0.597480172715 -0.424348156769 0.675167329426
1667385566.055924415588 -8.080244404702 3.241086085920 -6.662695459615 -0.094253464330 0.595541942754 -0.422530567183 0.676693430350
1667385566.154140472412 -8.104660309139 3.265953269178 -6.652675785235 -0.097416060080 0.597656886112 -0.437573136924 0.664715057423
1667385566.257969617844 -8.103174143007 3.287802773296 -6.644876838979 -0.086871886824 0.598322760553 -0.434225088599 0.667766218010
1667385566.459400892258 -8.192758942072 3.301860783657 -6.635189524886 -0.110145504551 0.597665066056 -0.445093409888 0.657690119371
1667385566.556382656097 -8.233001684911 3.319375549322 -6.658461852128 -0.106835931919 0.589203558884 -0.445883850440 0.665291546441
1667385566.589936494827 -8.231398089817 3.329972031381 -6.644475884490 -0.103485433677 0.593718193385 -0.446596655585 0.661317547840
1667385566.724411725998 -8.273812033451 3.328412645450 -6.671489234886 -0.104126840580 0.577629472284 -0.446423054505 0.675431899029
1667385566.857564210892 -8.332458485142 3.344948820518 -6.698537211939 -0.099536369912 0.567218846877 -0.447446330164 0.684212739164
1667385567.018873453140 -8.349029612222 3.375763872263 -6.678228556874 -0.083721631112 0.565541269550 -0.450160114282 0.685937046987
1667385567.155908823013 -8.396536002290 3.416767063611 -6.665812951636 -0.083177233061 0.562724603186 -0.456281477197 0.684273178224
1667385567.223245859146 -8.416338847574 3.440445015925 -6.654930689820 -0.079480217247 0.564986130171 -0.459119840279 0.680942391134
1667385567.421089410782 -8.508147965137 3.458965642850 -6.690511334400 -0.080210758585 0.563613266497 -0.461892647034 0.680118741583
1667385567.488954067230 -8.503148226503 3.479864348335 -6.680826872595 -0.075241569067 0.568381342838 -0.466596902438 0.673475081969
1667385567.658186197281 -8.530468458729 3.492326148241 -6.682974929897 -0.079263451502 0.575245268060 -0.465185547055 0.668141147993
1667385567.723504781723 -8.536509221446 3.500181198019 -6.714864894882 -0.076791508434 0.569901215193 -0.465703010162 0.672633908958
1667385567.858431339264 -8.584846933527 3.545004814263 -6.724722078419 -0.078180463046 0.580089575793 -0.467233279017 0.662628826895
1667385567.990877389908 -8.609716755575 3.551325048271 -6.747949316315 -0.086318014613 0.583154754337 -0.466904172241 0.659151141083
1667385568.190116643906 -8.686695354208 3.558351528116 -6.795193210538 -0.094983376965 0.574027234762 -0.454342671963 0.674569216823
1667385568.291621208191 -8.712258399498 3.557281369208 -6.819158100281 -0.106015564647 0.566036824608 -0.455255445742 0.679047489032
1667385568.620441913605 -8.734008815852 3.623060652898 -6.775426446029 -0.091285161934 0.583615543108 -0.454485289408 0.666710610958
1667385568.758076190948 -8.792713552062 3.636773326712 -6.796654945479 -0.087853312562 0.569963205480 -0.449894226555 0.681922961031
1667385568.822660684586 -8.794865204881 3.656384955054 -6.788236554881 -0.079466482895 0.570849372241 -0.450974917294 0.681496659037
1667385568.891781330109 -8.819664069251 3.668868028578 -6.805708932435 -0.078033545854 0.560584574465 -0.452610426269 0.689056966168
1667385569.124658107758 -8.842055938351 3.726457887049 -6.782046124601 -0.056165222714 0.561171150461 -0.453280892024 0.690267224031
1667385569.358472585678 -8.931446052983 3.716301862590 -6.834078183422 -0.069292844151 0.528800493652 -0.444862027739 0.719490316777
1667385569.855533361435 -9.054244514367 3.799252237146 -6.851584221260 -0.064435249810 0.533494067302 -0.455350779045 0.709850580585
1667385569.889674663544 -9.061476388207 3.814220111724 -6.852785862557 -0.061637423277 0.534452173170 -0.457237816401 0.708163315837
1667385570.058039903641 -9.072010268625 3.853476811431 -6.820793015729 -0.055881340946 0.550154038402 -0.454859561378 0.698076349109
1667385570.292251348495 -9.102073091747 3.909502060033 -6.787099517943 -0.052935873849 0.566350283742 -0.447066928846 0.690345066250
1667385570.458690643311 -9.110087452721 3.946264312253 -6.767108451823 -0.045900726032 0.573828884673 -0.442654766758 0.687510212236
1667385570.654377937317 -9.161459373078 4.020006770914 -6.757019566777 -0.035860417680 0.581558104455 -0.441594747096 0.682274344323
1667385570.724246263504 -9.184889142694 4.043295753459 -6.752761719671 -0.037014762924 0.581870881900 -0.439382809601 0.683373200196
1667385570.824436903000 -9.213300967182 4.078962943954 -6.752206017929 -0.035009896730 0.587903000045 -0.442585150610 0.676212062984
1667385570.991526842117 -9.217039192020 4.108771555210 -6.737265256208 -0.030626664414 0.594919381281 -0.444068262958 0.669280445727
1667385571.125024080276 -9.260897850598 4.130522556698 -6.775710543809 -0.041329577513 0.580776203758 -0.446289384544 0.679570932581
1667385571.223268032074 -9.284966824086 4.135180664904 -6.803573359545 -0.048191863999 0.565580019538 -0.447575547947 0.690994149483
1667385571.391220569611 -9.291183597405 4.164207830097 -6.782480426226 -0.042094529122 0.573415589513 -0.450480990749 0.683000358191
1667385571.490981578827 -9.307756708270 4.202598972816 -6.765558693930 -0.038168110178 0.578870571286 -0.458717744901 0.673075098018
1667385571.590380430222 -9.340754474897 4.224139587315 -6.790620979533 -0.038428341266 0.565609678152 -0.460733697476 0.682886091945
1667385571.790040016174 -9.335924631633 4.255048473643 -6.746087628596 -0.025811826159 0.577682467699 -0.456419814724 0.676237878902
1667385571.887894392014 -9.354259898963 4.285631344976 -6.749871781048 -0.015529249502 0.577783094430 -0.451713369086 0.679617959136
1667385572.125505924225 -9.361487409250 4.331851720680 -6.707720581725 -0.005561952628 0.586265407595 -0.447271729246 0.675433147503
1667385572.220717430115 -9.380304328307 4.333471032101 -6.741210349195 -0.015504820368 0.565595784011 -0.450515835716 0.690576926497
1667385572.323790073395 -9.406184776102 4.360734099961 -6.739971592108 -0.013979155348 0.566813034142 -0.450176811250 0.689832157949
1667385572.358489990234 -9.418164901526 4.366118524842 -6.750248302547 -0.017685834687 0.561251823734 -0.452251099118 0.692930404108
1667385572.457340955734 -9.434995011695 4.389878580094 -6.723936562120 -0.018377659283 0.568197226614 -0.452772625321 0.686885087223
1667385572.723413944244 -9.461276744008 4.467886378558 -6.673051003170 -0.003719800915 0.588004425652 -0.451914705928 0.670827889282
1667385572.925522565842 -9.462110595328 4.509424932208 -6.621620667588 0.002791047719 0.604881597108 -0.454582290832 0.653808385055
1667385573.155302762985 -9.530533651975 4.515298916543 -6.662054923164 -0.009389972247 0.581651944789 -0.447169059726 0.679435556572
1667385573.425469398499 -9.548925983859 4.543206181869 -6.603396247840 -0.010557283073 0.601231209576 -0.442039651272 0.665590356803
1667385573.787519216537 -9.600940732433 4.617856212725 -6.554467826244 0.001899894185 0.619733531693 -0.442402249164 0.648233746405
1667385573.922759294510 -9.645333508330 4.653729518135 -6.549697860425 0.001024213951 0.626079921463 -0.438898815204 0.644508116989
1667385574.025313138962 -9.673193698196 4.684622837943 -6.532432433912 0.005563297000 0.640376304062 -0.433182435819 0.634224105590
1667385574.223905801773 -9.674997250284 4.719512596941 -6.504551235485 0.008760416532 0.647063076150 -0.435604579669 0.625684649477
1667385574.457413196564 -9.762681255904 4.755093250978 -6.544683568184 -0.014066778255 0.622173119539 -0.442640863842 0.645578655539
1667385574.525244712830 -9.774249596801 4.779686179593 -6.535054873400 -0.011604045603 0.625108190870 -0.445429301946 0.640857107674
1667385574.651400566101 -9.778133935237 4.804964360497 -6.511241899936 -0.011648523670 0.628302310011 -0.451350260238 0.633548310082
1667385574.792123794556 -9.817908485016 4.811607388657 -6.534328245344 -0.016314945765 0.611311613152 -0.449863955277 0.650887359838
1667385575.056662321091 -9.816529385193 4.861604201516 -6.458308671171 -0.008169464350 0.631020366168 -0.449657931734 0.632103077615
1667385575.720422267914 -9.824326215291 4.935845714456 -6.304664571531 0.012052242288 0.674670872219 -0.436450752713 0.595134183479
1667385575.790426254272 -9.854847199078 4.933479756015 -6.310883825903 0.001888144933 0.671246772922 -0.433430218143 0.601300629995
1667385575.888211727142 -9.848802154989 4.961798595530 -6.288974098354 0.011599370365 0.678215775569 -0.432541330760 0.593967009115
1667385575.922906875610 -9.851500432845 4.977372851355 -6.283969451027 0.012288023992 0.678853669559 -0.434636637873 0.591690529228
1667385575.956684112549 -9.843707699792 4.986854564657 -6.278857633589 0.015695111346 0.680436521646 -0.436439648254 0.588455790472
1667385576.056542873383 -9.883603217744 5.014743546116 -6.289135368204 0.007620214533 0.677720220394 -0.438533640590 0.590191023759
1667385576.190367460251 -9.914489645068 5.064167046031 -6.274647442220 0.004160124606 0.682896673276 -0.442424004388 0.581288015070
1667385576.489125728607 -9.912428668392 5.116905997588 -6.222693979144 -0.001791725747 0.701415962787 -0.442613349478 0.558664218839
1667385576.587184667587 -9.954655673875 5.131822068946 -6.232369865690 -0.008057963174 0.695394548421 -0.438216981381 0.569497190223
1667385576.622393131256 -9.962774509791 5.139444291674 -6.220442171075 -0.011969537508 0.698581096281 -0.436952366206 0.566491959803
1667385576.691003799438 -9.972226350820 5.165471618494 -6.203302534343 -0.008948908242 0.699494797919 -0.435540419823 0.566506899438
1667385576.850014209747 -9.964127661064 5.203064007206 -6.156173509794 -0.002005402629 0.704334735801 -0.438868305324 0.557942712805
1667385576.957561731339 -9.981531607402 5.230616758230 -6.133344817218 -0.000649607418 0.707094457184 -0.441388569520 0.552436553819
1667385577.323318481445 -9.963190248136 5.344520525454 -5.992120551224 0.017173438526 0.696710573253 -0.448847400927 0.559303083676
1667385577.693342924118 -10.086147684212 5.451542634858 -6.048450302036 0.023221852776 0.665524847020 -0.452206523550 0.593309697930
1667385577.722942590714 -10.089674262469 5.450867619290 -6.074207111547 0.023039403375 0.653216212020 -0.457935988478 0.602510038502
1667385578.056946516037 -10.187018153012 5.561749477972 -6.062298170794 0.034456601510 0.666736027050 -0.455060747651 0.589148850654
1667385578.121106863022 -10.194000176880 5.589953002009 -6.047453766180 0.038425283005 0.671145574708 -0.453607714562 0.584925603776
1667385578.422876596451 -10.281398240324 5.658469453974 -6.118611719953 0.026247985087 0.652264035000 -0.456182143749 0.604499889705
1667385578.490293979645 -10.285940522739 5.675300968623 -6.108149548285 0.026314874394 0.657463545173 -0.455201573071 0.599366132257
1667385578.587597846985 -10.328049968193 5.699108590071 -6.107696185800 0.022233408473 0.658661350860 -0.453381443279 0.599203362207
1667385578.724029302597 -10.326184965082 5.721919364004 -6.081796617908 0.025348965392 0.664864487489 -0.450617128593 0.593557767754
1667385578.991407871246 -10.307912885680 5.782471676840 -6.023966567116 0.048750115806 0.670913350451 -0.449518300135 0.584599942198
1667385579.058402538300 -10.313178864550 5.787408404615 -6.007823203747 0.045703263021 0.670097283836 -0.444814994555 0.586539442138
1667385579.159031152725 -10.323585638580 5.814718509944 -5.982320355656 0.050402333673 0.666182256386 -0.440073168599 0.588996532624
1667385579.490591526031 -10.406112818428 5.864348893532 -6.046885991194 0.036329143508 0.606743745797 -0.445418382088 0.641756067290
1667385579.788620233536 -10.522977076263 5.913066055506 -6.097670405125 -0.003216873955 0.572516938038 -0.430141940713 0.679928389872
1667385579.891277074814 -10.526607812437 5.932822202186 -6.082731076922 -0.002823884434 0.564882009031 -0.416676729937 0.693348310595
1667385580.189890623093 -10.589391843925 6.031353695179 -6.098670814635 0.004585559202 0.558305830044 -0.401077699717 0.708039713696
1667385580.255715847015 -10.613213649248 6.042070269559 -6.118479713894 -0.000510072704 0.540496862151 -0.389962129759 0.729825075113
1667385580.357217311859 -10.624426709393 6.056447385314 -6.113479704434 -0.002383064328 0.531305318008 -0.381181660538 0.744207026848
1667385580.691341161728 -10.735208692974 6.137716521496 -6.075980075529 -0.018041499922 0.526072745105 -0.376217696500 0.753256104571
1667385580.825551033020 -10.753692857140 6.162299388303 -6.064297593942 -0.012212836015 0.519111348017 -0.372916095756 0.762387107294
1667385580.889497041702 -10.765854547752 6.167548680129 -6.064079340866 -0.012740770353 0.512359552569 -0.369161323502 0.770788921384
1667385580.957318782806 -10.782382011222 6.175487189791 -6.091716411752 -0.012391140013 0.495979470435 -0.369793043452 0.782682157963
1667385581.091327667236 -10.815508241294 6.176789589418 -6.117871118814 -0.021389021536 0.481169374202 -0.370633805085 0.792400036287
1667385581.155191898346 -10.817960366427 6.190965650974 -6.145887431230 -0.014008334046 0.467461965074 -0.374079692331 0.799849567168
1667385581.291287660599 -10.837169678311 6.208456156184 -6.140717855208 -0.011599178433 0.472377284408 -0.375751252139 0.796642119499
1667385581.355416297913 -10.864739973956 6.223268500827 -6.154474194726 -0.011479211278 0.471419051551 -0.376156808266 0.797260148678
1667385581.391142606735 -10.876968899912 6.230894253630 -6.161170341179 -0.011264994060 0.472067307531 -0.376740502044 0.796741599498
1667385581.457214593887 -10.888128042857 6.244175464701 -6.179769616855 -0.006904559452 0.469227185992 -0.378383640410 0.797768683853
1667385581.520052909851 -10.914127740266 6.258027498611 -6.195072798755 -0.006556476672 0.471435421554 -0.380020998576 0.795734022927
1667385581.656038522720 -10.956320268281 6.290554154906 -6.233658871482 0.000589073007 0.477048710805 -0.384260267400 0.790386775349
1667385581.923640251160 -11.060745029206 6.335873966514 -6.294501057195 -0.002539247084 0.500519226362 -0.389334146105 0.773212277296
1667385582.223145246506 -11.162612929930 6.322757810312 -6.377362181839 -0.030231618195 0.487183535732 -0.373607242755 0.788753947433
1667385582.522253990173 -11.263445965883 6.402320940251 -6.388966022583 -0.005969024698 0.511526578995 -0.366720188530 0.777050061942
1667385582.758100509644 -11.287509398546 6.447980042793 -6.362309469311 0.014892847029 0.516716606067 -0.365475815434 0.774080125777
1667385582.822756052017 -11.297932640598 6.457315286926 -6.356631377470 0.016379596468 0.515956953315 -0.367481429788 0.773609165890
1667385582.923352003098 -11.310165758252 6.474432507185 -6.346479992297 0.020620690715 0.514474097415 -0.372081863052 0.772296560228
1667385582.988007068634 -11.323324691438 6.482660567199 -6.340523131126 0.017893601010 0.514411903451 -0.374876004928 0.771054650803
1667385583.021887779236 -11.333055551186 6.491083759338 -6.329226692132 0.017944080391 0.519702214292 -0.375666783967 0.767111513762
1667385583.257368326187 -11.395284348842 6.499671538951 -6.411439121978 -0.002375491231 0.455578420107 -0.384920617284 0.802668983387
1667385583.490784645081 -11.469833939479 6.566747395394 -6.399935913079 0.005495872542 0.481879438930 -0.379112832781 0.789958689759
1667385583.523095130920 -11.478085688818 6.578362562930 -6.391162724536 0.009375923079 0.489726948187 -0.377314970239 0.785946930208
1667385583.621893405914 -11.505619713533 6.588510286450 -6.427404689159 0.003668994267 0.472051378924 -0.378624669994 0.796113764105
1667385583.689922809601 -11.517896752971 6.597901840983 -6.449484358124 0.001309212135 0.460430461007 -0.378085811989 0.803151942766
1667385583.823457002640 -11.559085879763 6.639812926132 -6.462934960384 0.011514752941 0.462756992153 -0.369424324110 0.805759866381
1667385583.892241239548 -11.571914028960 6.669413919617 -6.454559861797 0.021437764580 0.478666566298 -0.367422052217 0.797132191174
1667385583.955871820450 -11.575120158944 6.679806533911 -6.447594007480 0.021328390332 0.483316439035 -0.366394183547 0.794799091154
1667385584.155933856964 -11.598971942079 6.720806287238 -6.442347738748 0.024615143943 0.494465595063 -0.358293577589 0.791532416695
1667385584.325465917587 -11.646424868190 6.720360038909 -6.503236715433 -0.011006260399 0.470312168134 -0.356618362796 0.807160864476
1667385584.426030397415 -11.672609197426 6.719256537576 -6.534803862063 -0.029031079759 0.455634953073 -0.357367065068 0.814765464459
1667385584.623555183411 -11.728033128751 6.768033227058 -6.519987595644 -0.031670263903 0.475713341684 -0.368674534024 0.797980511304
1667385584.758735656738 -11.764625338324 6.749113670186 -6.568480614418 -0.066050631912 0.442056282291 -0.370487962832 0.814224923076
1667385584.957924842834 -11.835488192705 6.798108809010 -6.561912147395 -0.058874812340 0.441175094441 -0.373816682970 0.813731761309
1667385585.022936582565 -11.846973180105 6.808920449191 -6.548547340633 -0.058896651208 0.446358390522 -0.373863065328 0.810877166849
1667385585.156482934952 -11.867412820002 6.828856874893 -6.530999270905 -0.056569807028 0.450007471506 -0.372469982283 0.809666131585
1667385585.291217327118 -11.909125147275 6.874955519776 -6.507517885967 -0.046476885546 0.451220043521 -0.369748639786 0.810879963197
1667385585.357878684998 -11.919596745847 6.887224744480 -6.491110681870 -0.043763803997 0.458299688482 -0.368531114735 0.807608161437
1667385585.422365903854 -11.930615684572 6.895014620833 -6.482318667819 -0.043103832951 0.460646902886 -0.366698832616 0.807142153885
1667385585.455754280090 -11.944558642689 6.902543227980 -6.487318749333 -0.043535487781 0.458025873808 -0.368150326132 0.807949439990
1667385585.623205423355 -12.001827346738 6.928077835540 -6.458453639495 -0.050368718060 0.471675810673 -0.370848171707 0.798408764607
1667385585.654669046402 -12.012289423157 6.936206260501 -6.448341693965 -0.047876789764 0.477787245186 -0.369259606820 0.795659791686
1667385585.688935279846 -12.025844758817 6.929119241041 -6.454960214049 -0.052149638153 0.473806953908 -0.365645270995 0.799431624008
1667385585.753903150558 -12.040570175597 6.933620766575 -6.481703485213 -0.053611192465 0.457708108114 -0.372855197826 0.805362110644
1667385585.891408205032 -12.062379600688 6.941892751057 -6.462764231488 -0.056206374152 0.468572492557 -0.375114641196 0.797853162357
1667385585.990921258926 -12.100383477053 6.939856943164 -6.494167975039 -0.050995137178 0.460354704330 -0.366353886570 0.807005496871
1667385586.055471420288 -12.122837736116 6.937361682789 -6.515148214649 -0.044714008795 0.453221227271 -0.357704898488 0.815253569245
1667385586.155322790146 -12.132133947195 6.939684929390 -6.548929650481 -0.046057004991 0.439006092189 -0.362783689621 0.820695069960
1667385586.288073778152 -12.181009901209 6.949932023559 -6.584218359518 -0.043574610591 0.433587423587 -0.360827784858 0.824564435986
1667385586.458379745483 -12.234292101889 6.982577629227 -6.590427814471 -0.038488582824 0.460351140518 -0.363577594769 0.808954132815
1667385586.625298023224 -12.294414206903 7.019523598615 -6.614186404238 -0.028249943219 0.476069773481 -0.357125111676 0.803132097538
1667385586.755825996399 -12.307551779948 7.037730459580 -6.605661094517 -0.019034573736 0.488327295967 -0.357379568648 0.795898222720
1667385586.821102857590 -12.313238664583 7.046938179957 -6.601453884673 -0.014484015610 0.492827374940 -0.358224776007 0.792834409985
1667385587.023443222046 -12.337176756187 7.079353155942 -6.574155651032 0.001156336518 0.512809785500 -0.350931298269 0.783499847273
1667385587.089123249054 -12.351168501555 7.096600996665 -6.557642878781 0.005746189775 0.521262373741 -0.348113010952 0.779146873594
1667385587.157978773117 -12.371844203546 7.106336988811 -6.578137998838 -0.001859729306 0.510994988641 -0.351631976788 0.784369565887
1667385587.325790882111 -12.416441382936 7.161510020781 -6.534425585046 0.001705616440 0.512601084143 -0.349955823086 0.784071515422
1667385587.356565237045 -12.427400183465 7.170894597298 -6.526110239370 0.003233494909 0.514132796487 -0.348970327654 0.783502854177
1667385587.522834539413 -12.471722858104 7.218742328805 -6.474421568325 0.004349202603 0.513540015529 -0.352490987349 0.782309299909
1667385587.592433691025 -12.492299706603 7.228130305323 -6.463085326289 0.000832760455 0.520872657077 -0.354381090587 0.776598367403
1667385587.654287815094 -12.499865576633 7.237589025208 -6.491427836491 0.000172203550 0.497851584515 -0.356413430075 0.790641029168
1667385587.758731365204 -12.530673926904 7.237677850573 -6.519447277697 -0.011365422522 0.476403008846 -0.356275788150 0.803727916095
1667385587.824411869049 -12.548352916029 7.237150622033 -6.547690486536 -0.015703106465 0.456187922455 -0.358469679261 0.814337449037
1667385587.891893625259 -12.574996441871 7.246127350948 -6.535250639012 -0.016072010687 0.460235381450 -0.355188536414 0.813490127619
1667385587.991722583771 -12.596973028716 7.257856333407 -6.516816333434 -0.017296312642 0.468254600540 -0.357819851158 0.807714937809
1667385588.257869720459 -12.669434083960 7.312341988757 -6.460881396914 -0.023226460645 0.488495854253 -0.373841469805 0.788083045977
1667385588.421522855759 -12.700365100433 7.344424167614 -6.418202100673 -0.020932041651 0.509038573258 -0.371807723279 0.776015848728
1667385588.590002298355 -12.751677374300 7.381703872642 -6.413550030000 -0.013431646385 0.521894732683 -0.369158557100 0.768874137030
1667385588.654297113419 -12.771769349640 7.396514829182 -6.414591979308 -0.005357476838 0.527899198534 -0.350554963123 0.773566384649
1667385588.788179874420 -12.786362662978 7.408691590733 -6.398096549024 -0.001739942209 0.537078183641 -0.345483383236 0.769535723125
1667385588.924578905106 -12.800127135740 7.420364245590 -6.386227901507 -0.002996740174 0.545627344453 -0.343650045058 0.764320918898
1667385589.158870935440 -12.855284165840 7.483604945189 -6.388928992948 0.012470833962 0.560393482962 -0.331733675109 0.758786130180
1667385589.725476741791 -12.938906363502 7.633124791652 -6.194490939921 -0.003791870710 0.578030059870 -0.333515868415 0.744737562580
1667385589.890829086304 -12.961271261899 7.658691991028 -6.157885600767 -0.006375132320 0.588631122384 -0.338662967311 0.734016453508
1667385589.957531213760 -12.992180869592 7.665869254080 -6.167081690590 -0.008973740008 0.580027335444 -0.338654923180 0.740810775525
1667385590.058381319046 -13.010703587156 7.681389470200 -6.138171050674 -0.014674114190 0.587025857391 -0.349281713407 0.730196958229
1667385590.158539772034 -13.054834121454 7.685067686493 -6.155282461284 -0.016295203597 0.572956334279 -0.343242725790 0.744069846548
1667385590.391851663589 -13.119544947070 7.735820191465 -6.083151899912 -0.017862400732 0.584779206865 -0.341697269207 0.735497919830
1667385590.557809114456 -13.141938098956 7.789191815886 -6.065736713312 0.010537896297 0.585404136148 -0.339736996097 0.736050082267
1667385590.592429161072 -13.145705781065 7.800768752080 -6.054354402333 0.014799780315 0.590322162009 -0.340986115006 0.731456889308
1667385590.820393085480 -13.222824630357 7.855576620012 -6.023660853406 0.009239399456 0.606829715810 -0.342900049446 0.717002012269
1667385591.023107767105 -13.301882855124 7.909122039193 -6.013334120705 0.008240821314 0.624404175104 -0.341440787638 0.702473987784
1667385591.157716989517 -13.332298920268 7.908051137768 -6.031618869638 -0.012754101151 0.617886458150 -0.341790767497 0.707977915611
1667385591.323717355728 -13.379351835813 7.957965260980 -6.021790055656 -0.015207421506 0.629055262675 -0.341425264390 0.698202692396
1667385591.422859430313 -13.397734333875 7.989148728540 -5.992821694291 -0.018280626378 0.636605358793 -0.340926094467 0.691497529979
1667385591.557553768158 -13.412641642219 8.027931844332 -5.982422867093 -0.010702736689 0.644178120912 -0.341938484655 0.684103846413
1667385591.754434585571 -13.451054117956 8.090094973101 -5.971038788540 -0.006932083923 0.655873354755 -0.338726288861 0.674571412060
1667385591.790050983429 -13.453421712550 8.101391136204 -5.966864618138 -0.002926743933 0.657957892137 -0.339625114267 0.672114296905
1667385591.856216430664 -13.474192822700 8.097873925283 -5.979353120919 -0.011052299440 0.651475990306 -0.335179124289 0.680523207079
1667385591.920851230621 -13.488320433213 8.106304279418 -5.990026925222 -0.014440874418 0.646126467197 -0.335788614227 0.685243063510
1667385592.193095684052 -13.535339239200 8.155362236973 -5.902878100930 -0.025976542844 0.667870122365 -0.338457933145 0.662360133437
1667385592.290796041489 -13.578766350730 8.153730335337 -5.919511617235 -0.008472611947 0.654628458777 -0.323495739925 0.683183944525
1667385592.422924757004 -13.606243233649 8.177306192232 -5.963017530925 0.005978743713 0.627188696370 -0.333424184617 0.703865688099
1667385592.555798768997 -13.643899104952 8.205797272561 -5.936760196465 0.014382713966 0.640856262943 -0.330250068577 0.692842897049
1667385592.653534173965 -13.642491068813 8.232594726892 -5.931640469805 0.030600097251 0.641484842342 -0.336480808372 0.688724543407
1667385592.759166717529 -13.681582071301 8.252362691551 -5.920120263480 0.028703963529 0.647361658332 -0.337759433711 0.682654766876
1667385593.020063638687 -13.674427652524 8.302862878389 -5.904850588806 0.048288076282 0.654916435420 -0.345801744992 0.670204355004
1667385593.256668329239 -13.695695946842 8.341826743083 -5.890295307101 0.056839901587 0.666227129224 -0.349594966357 0.656272807125
1667385593.357246398926 -13.731966621322 8.339276755241 -5.907388102789 0.036125188794 0.660401337224 -0.346614138670 0.665149369241
1667385593.590011358261 -13.739447006236 8.396643024201 -5.857923748084 0.056179706267 0.672796948228 -0.346616258482 0.651187589266
1667385593.823302984238 -13.756239032901 8.462504541851 -5.790086091838 0.073118935843 0.684631192240 -0.336822063161 0.642249678553
1667385594.058935642242 -13.764328569392 8.489053928632 -5.708586444909 0.064855679405 0.698480937364 -0.337494325136 0.627706700210
1667385594.157806873322 -13.769279413502 8.514010117718 -5.666070373988 0.065515239545 0.700100008979 -0.338870685375 0.625087505401
1667385594.521958589554 -13.766602052359 8.556046562168 -5.509263836915 0.044128626311 0.709334069861 -0.346483767848 0.612247368547
1667385594.624438285828 -13.759901644346 8.567560272330 -5.488210404744 0.049251049360 0.713056763414 -0.349631298209 0.605708132353
1667385594.690570354462 -13.762980120963 8.580404580171 -5.475329119064 0.054128237006 0.716888711381 -0.352174889230 0.599260842078
1667385594.822944879532 -13.778361550006 8.607326151005 -5.496047641251 0.056240086196 0.703230730958 -0.363835166481 0.608216707575
1667385595.221111536026 -13.769378706738 8.686401487633 -5.417420200511 0.093614582620 0.722589579990 -0.357463619553 0.584226299911
1667385595.256467819214 -13.755830929556 8.700954752326 -5.401834835111 0.103253423237 0.725737549954 -0.359789180173 0.577230876693
1667385595.524851083755 -13.791797602116 8.781264628842 -5.348463251324 0.111949594207 0.735986619575 -0.356186181197 0.564732138708
1667385595.723234176636 -13.863561103612 8.829939620546 -5.360321536062 0.095422153463 0.722671246755 -0.354376546426 0.585711656951
1667385595.792162418365 -13.882181092790 8.853545802335 -5.358486355905 0.092530116648 0.720207856407 -0.355480054363 0.588534410241
1667385595.891925811768 -13.871776248291 8.870253720562 -5.330884728393 0.096000402068 0.727768664808 -0.355041649971 0.578862781773
1667385595.989471197128 -13.912839022410 8.885223774891 -5.343421544819 0.094114485300 0.717359452618 -0.347758390208 0.596323722030
1667385596.088071107864 -13.923912577270 8.915835331212 -5.312405372985 0.094294551520 0.720021003828 -0.346725466631 0.593683200389
1667385596.290719509125 -13.910443313553 8.951783702339 -5.257076849123 0.099986430060 0.732035983739 -0.346199429316 0.578162596095
1667385596.355916500092 -13.903683297166 8.962685506459 -5.242652388841 0.103261765646 0.735371105052 -0.345855527404 0.573541890284
1667385596.390463113785 -13.918822108020 8.967348949410 -5.237421170260 0.093937424974 0.735867790618 -0.345357107163 0.574806770775
1667385596.490833997726 -13.913418873057 8.986486143014 -5.217776200553 0.096349943704 0.740628033499 -0.347354712053 0.567037484594
1667385596.621245861053 -13.916316595490 9.002408918941 -5.184426923043 0.085680548843 0.749143094950 -0.354713477181 0.552830731077
1667385596.822911977768 -13.939949064124 9.031038069973 -5.130743838597 0.082409083191 0.760571349152 -0.354864952219 0.537411234175
1667385596.991027832031 -14.012582031556 9.056916884412 -5.126042422042 0.088812375679 0.745582989507 -0.355126083655 0.556869679047
1667385597.221294403076 -14.118246366930 9.092102645724 -5.130105548585 0.098704935614 0.720111278901 -0.351285463955 0.590165755073
1667385597.292275905609 -14.118930853374 9.104547860933 -5.108938544906 0.102312307991 0.718073414129 -0.351213194084 0.592074388748
1667385597.425721406937 -14.175134590160 9.127468693374 -5.118677465426 0.094262596035 0.699855968982 -0.350826908610 0.615009520598
1667385597.490979433060 -14.176438643818 9.137748739110 -5.103558085938 0.097682223049 0.700258203406 -0.350328874366 0.614301542460
1667385597.623693943024 -14.225111599436 9.158026515786 -5.131877996079 0.096915503218 0.677869736201 -0.343928952171 0.642505247118
1667385597.653426408768 -14.235773901879 9.161615445756 -5.117766263375 0.097801144139 0.677857354437 -0.340968778608 0.643960241052
1667385597.689707040787 -14.241368353986 9.167726141711 -5.107348185018 0.097941716418 0.678160051492 -0.340040337098 0.644111135679
1667385597.790317296982 -14.277331002410 9.189322097506 -5.134556703076 0.090894146956 0.665558994931 -0.341171342260 0.657549916644
1667385597.989974260330 -14.301049209272 9.219540303957 -5.106552567667 0.088910726443 0.669573773059 -0.336427679596 0.656187973190
1667385598.083616018295 -14.329156837534 9.246007310707 -5.108793301172 0.085248117928 0.668747986751 -0.338354824511 0.656525264272
1667385598.258808135986 -14.375792793890 9.254034662237 -5.146708717441 0.059724228346 0.656512877772 -0.343260599921 0.669026666587
1667385598.457275152206 -14.452797426452 9.310776409680 -5.140464387824 0.052612118399 0.670542540482 -0.345559885410 0.654365254430
1667385598.555892944336 -14.466335289656 9.326697406605 -5.136124723205 0.050405261627 0.678756402852 -0.347686503223 0.644875433845
1667385598.723106622696 -14.536799930093 9.369885503349 -5.142624685313 0.040489334944 0.689450357815 -0.344612589352 0.635816544252
1667385599.025389194489 -14.616846772402 9.467015992283 -5.119754961523 0.052536696900 0.712795374805 -0.352016936550 0.604358745077
1667385599.090830564499 -14.607030526095 9.470702808502 -5.098268704488 0.058677241863 0.717637558760 -0.350317516635 0.599029087668
1667385599.187384843826 -14.613947721806 9.478512715440 -5.084335855476 0.061116597512 0.720099710621 -0.349211698425 0.596473954995
1667385599.291181325912 -14.649534235901 9.505384800827 -5.073095659474 0.066716101225 0.723039706771 -0.345669072864 0.594383311250
1667385599.324796438217 -14.649445746295 9.503623997563 -5.053875501297 0.069791308264 0.729635357609 -0.341072156472 0.588609568896
1667385599.625411272049 -14.668942027228 9.498961613017 -4.992769869903 0.069521647713 0.744632953343 -0.335476613372 0.572890673881
1667385599.791400909424 -14.718255274480 9.528680674006 -4.952362199374 0.081428474754 0.753241635296 -0.332641106770 0.561670384711
1667385600.157730817795 -14.729053186972 9.540776623407 -4.849951584323 0.078873500504 0.795269258021 -0.329774203417 0.502910695363
1667385600.622732162476 -14.738889579764 9.610515769851 -4.708464424402 0.094403703641 0.834706035278 -0.330548799166 0.430586642648
1667385600.689762353897 -14.767153370675 9.613452369828 -4.709403777362 0.092109102118 0.827506719646 -0.322542858455 0.450593913347
1667385600.725280523300 -14.782835478719 9.617744494237 -4.705676998900 0.093944167662 0.824262818034 -0.318312766177 0.459091675030
1667385600.922324180603 -14.752286190790 9.647843241768 -4.637018152635 0.104565963755 0.828326735442 -0.312755516287 0.453259217563
1667385601.023340702057 -14.789435343674 9.664546362734 -4.611044280978 0.100459905451 0.826495186426 -0.302092770555 0.464624922509
1667385601.592720985413 -14.753799966153 9.647131571127 -4.439913600534 0.086032992420 0.878592767433 -0.277500236766 0.379422569560
1667385601.760077476501 -14.726029437212 9.619042758984 -4.394009436123 0.083943175995 0.892972027531 -0.270334806080 0.350372627982
1667385602.124761581421 -14.668707158164 9.579639837896 -4.314603207229 0.076281392672 0.915559970821 -0.253678107654 0.303077306670
1667385602.357530117035 -14.746431929198 9.611823054964 -4.242897068404 0.100754794021 0.898737160117 -0.256177829844 0.341726654607
1667385602.555755138397 -14.684092207384 9.617997630460 -4.168293125224 0.106997882631 0.900407400113 -0.255594627587 0.335815344679
1667385602.823912143707 -14.623351585090 9.613814930406 -4.081907205383 0.115438956510 0.918174834603 -0.241475519236 0.292560660970
1667385602.893249988556 -14.609559902580 9.616671878358 -4.065382910282 0.114614592885 0.920408556588 -0.242156963335 0.285208194363
1667385602.956438541412 -14.590365638048 9.619294665784 -4.038258624952 0.114308912648 0.921902706713 -0.240971128212 0.281484028191
1667385603.156739711761 -14.537482599312 9.625666670226 -3.992106786260 0.120038354466 0.926779895803 -0.242686628331 0.260846850682
1667385603.286042690277 -14.514630929983 9.629537407051 -3.948664509200 0.114269124385 0.930782071041 -0.240332740880 0.251185646247
1667385603.423252105713 -14.473016345134 9.663542707124 -3.926780543034 0.140062170938 0.923380924692 -0.262943991778 0.242643950413
1667385603.857169628143 -14.365805048294 9.604836651729 -3.830379681468 0.144614892393 0.940722774218 -0.244340844170 0.186233669353
1667385604.023863077164 -14.412896387550 9.628545743073 -3.783943467935 0.165509676934 0.929618944921 -0.246797017288 0.218558289490
1667385604.191077232361 -14.384911960183 9.617638558870 -3.725001237591 0.162971085926 0.938753138251 -0.234948211276 0.192978130266
1667385604.258476257324 -14.406765414250 9.630971178749 -3.725963350577 0.169472074950 0.933377089285 -0.239941071142 0.206819804499
1667385604.322862625122 -14.382101392092 9.627787641349 -3.717372021926 0.175292109811 0.935034699066 -0.240214427484 0.193747264402
1667385604.422682285309 -14.367703353188 9.613999431958 -3.703390673830 0.172707421228 0.940137286326 -0.232123007944 0.180802941273
1667385604.724820137024 -14.287659446170 9.597665727988 -3.636220752170 0.169265051603 0.950852096175 -0.220972130295 0.136579372150
1667385605.022649765015 -14.210254823497 9.586388194387 -3.608709559818 0.181320098084 0.956935288311 -0.210483022185 0.085701048856
1667385605.157895088196 -14.189855300838 9.586050054881 -3.583715265273 0.184336826884 0.958352065441 -0.203953944372 0.078953036163
1667385605.291254281998 -14.180568006142 9.604563904096 -3.520484480336 0.184475171255 0.960318796015 -0.195605456254 0.075792996928
1667385605.358143568039 -14.152087185655 9.585994278362 -3.515021558872 0.188094803386 0.963574660728 -0.183753530975 0.051257722657
1667385605.820880174637 -14.180407092118 9.650044774976 -3.327026966667 0.186662330034 0.965016881658 -0.175097790909 0.059067951562
1667385606.493218183517 -14.192931734242 9.681777999168 -3.014267396302 0.210288851318 0.971492091554 -0.109240880092 -0.017211394126
1667385606.724235057831 -14.168852348157 9.731292961003 -2.928461061173 0.221924342254 0.968498105442 -0.100180006923 -0.054532736477
1667385607.023173093796 -14.077225495310 9.736111743379 -2.927016401806 0.227718231698 0.956850946680 -0.112533900788 -0.142020705188
1667385607.092144966125 -14.099377561686 9.752301955611 -2.908373981342 0.228402567189 0.957359803158 -0.117985724373 -0.132763702556
1667385607.157366514206 -14.081865242653 9.728329266547 -2.911725955475 0.225355318040 0.956647165435 -0.109685702998 -0.149210874505
1667385607.322800874710 -14.017511525604 9.679695897732 -2.912123899144 0.225113788298 0.955416074518 -0.117154552078 -0.151764447943
1667385607.722633838654 -14.076599229215 9.633972778759 -3.098322860023 0.193826876203 0.958910001960 -0.185116328473 -0.094360911715
1667385607.853466272354 -14.043833942578 9.598181618024 -3.093909696678 0.190848391737 0.958867106756 -0.181015941667 -0.107860894076
1667385607.887275218964 -14.034623043553 9.586249079006 -3.091948387797 0.184911388973 0.960434465913 -0.176102994592 -0.112300297436
1667385608.155780553818 -13.967651352216 9.535637773809 -3.098564070932 0.187030020688 0.957337712522 -0.171117710843 -0.139624709394
1667385608.321262836456 -13.923552261355 9.487331624847 -3.083065959799 0.177561243196 0.961085458871 -0.133355965901 -0.165098050541
1667385608.558202981949 -13.817297658835 9.468716868245 -3.047446486428 0.184217363825 0.962063575978 -0.116126734523 -0.165127197272
1667385608.591139793396 -13.806481136629 9.475694444846 -3.048338334165 0.184074269041 0.960820396436 -0.119633062864 -0.169952645713
1667385608.758028030396 -13.760062881951 9.477825026839 -3.055831012790 0.168691138181 0.961503819502 -0.109137742747 -0.188147437361
1667385608.825511217117 -13.747557667058 9.474857234145 -3.025059489669 0.172441207143 0.963209408080 -0.100849697697 -0.180491621203
1667385608.924358129501 -13.728342109421 9.474583422168 -2.980138317576 0.184960763353 0.965204186028 -0.091338511716 -0.161500625058
1667385609.088540077209 -13.664273575483 9.468383606820 -2.955998318714 0.193938258467 0.962440933085 -0.076072215558 -0.174827710754
1667385609.223101615906 -13.648988196415 9.478724523214 -2.892285083544 0.197886774031 0.966674429533 -0.071319100406 -0.146795787685
1667385609.326090097427 -13.616688871492 9.484326514555 -2.855399748418 0.204025697104 0.965996864771 -0.072067161935 -0.142420677662
1667385609.491275072098 -13.610224490742 9.484286539365 -2.798025033087 0.205976054034 0.970820833188 -0.073436259198 -0.099694473711
1667385609.623268604279 -13.549195512991 9.462255723305 -2.782876493634 0.203783334336 0.972011850178 -0.075945592692 -0.090267347729
1667385609.688112020493 -13.518757990200 9.451756832058 -2.774209111359 0.202382341574 0.972285010239 -0.077618112393 -0.089046112990
1667385609.891193628311 -13.429471177021 9.414088908721 -2.754610752223 0.203519050350 0.974027433865 -0.079075714995 -0.062024900085
1667385610.156436443329 -13.356314618677 9.357228439605 -2.754931597612 0.216593503882 0.970442993509 -0.061090251811 -0.088579717850
1667385610.258248090744 -13.330932382219 9.336764871770 -2.752525954226 0.209034334050 0.971409955230 -0.056294487041 -0.098739623185
1667385610.458193778992 -13.289578893002 9.292819552274 -2.787744008181 0.205643566600 0.970072743955 -0.037731864330 -0.124494312931
1667385610.721855163574 -13.228717819069 9.229109458621 -2.803039653240 0.204816256880 0.963718904783 -0.008007735647 -0.171724137046
1667385610.993469476700 -13.147746979096 9.195323612768 -2.764702062373 0.217621782826 0.951162135670 0.007433949508 -0.219405410676
1667385611.154529809952 -13.111862132672 9.160225746100 -2.776028091851 0.215919296791 0.943479821128 0.028602461192 -0.250347697867
1667385611.291017532349 -13.068592903678 9.150756953434 -2.764950109222 0.216702934051 0.937119517929 0.023044385358 -0.273105206389
1667385611.320705652237 -13.056450639379 9.156341903239 -2.769854555768 0.214402004967 0.935129481874 0.014014088572 -0.282205662773
1667385611.457181215286 -12.997489676913 9.136610917263 -2.778354427163 0.222690826639 0.931254205272 0.005537268164 -0.288819020818
1667385611.556295156479 -12.957991851416 9.149325026065 -2.787880151001 0.217524933612 0.925602294339 -0.016576361268 -0.309748367448
1667385611.656864166260 -12.929515406764 9.159386717588 -2.805752829487 0.225754703894 0.918362229028 -0.021684517045 -0.324736554856
1667385611.819826602936 -12.876039324712 9.123594179181 -2.858762021244 0.237837244411 0.918992203983 -0.009177474583 -0.314769353585
1667385611.919697761536 -12.850225731317 9.115592545558 -2.878472411102 0.237899191565 0.912036965197 -0.007185932100 -0.334398281429
1667385612.123517513275 -12.823546470662 9.116281605457 -2.942378848817 0.233737841909 0.903081641479 -0.024485312052 -0.359856501399
1667385612.156905412674 -12.812331644027 9.114563700574 -2.950233489444 0.234414866096 0.898872650640 -0.029783759685 -0.369430226985
1667385612.556737661362 -12.790553211453 9.038334846876 -3.057773397084 0.199503121426 0.890777463852 -0.006364713564 -0.408622679227
1667385612.821615457535 -12.769144180260 8.997580161407 -3.141190219441 0.194596036710 0.878958616320 -0.003162619643 -0.435731199524
1667385613.190371274948 -12.667963980173 8.945508273176 -3.284245199289 0.179180292936 0.884404221600 -0.006147505990 -0.431267054024
1667385613.255522966385 -12.645992516345 8.939356000526 -3.296822134916 0.175472663130 0.880394855101 -0.005339344496 -0.440901743947
1667385613.588352680206 -12.577822458663 8.929062885264 -3.388085913180 0.182097781256 0.849670171947 -0.010860620145 -0.495088393971
1667385613.723273992538 -12.555899819665 8.928884302232 -3.424052258971 -0.183760866641 -0.838576584209 0.014042035526 0.513582904679
1667385613.925578832626 -12.527957178989 8.948873080862 -3.471299981408 -0.171327111924 -0.830092745522 0.028528387179 0.532196952098
1667385614.023196697235 -12.522483336370 8.950997332136 -3.504156135123 -0.171486726291 -0.824795077820 0.032813713151 0.543330687935
1667385614.424715280533 -12.547723698631 8.928326508802 -3.646931039236 -0.190416193111 -0.804444818049 0.043571068741 0.572428259155
1667385614.789842367172 -12.713308824400 8.948876249083 -3.731897381634 -0.170855489474 -0.860816483773 0.056010054683 0.510590274533
1667385614.957722902298 -12.703423188002 8.911126005854 -3.783823055735 0.168168007997 0.850957377052 -0.034850749954 -0.530491024334
1667385615.318988800049 -12.664030251392 8.871406610304 -3.951191912536 -0.174935364959 -0.900074549731 0.035306952893 0.509615267250
1667385615.523077726364 -12.628421383888 8.897858166606 -4.015383747044 0.164454918449 0.887684538458 -0.055942496158 -0.534809012907
1667385615.554375171661 -12.614374834077 8.901480351685 -4.027047456144 0.160854962288 0.883592991235 -0.058781836044 -0.543191145859
1667385615.719346046448 -12.572572333226 8.886441451317 -4.107684564980 0.166776025915 0.881817951809 -0.061019249748 -0.544226506610
1667385615.891578197479 -12.535213159068 8.862305047919 -4.192814985355 0.176391860345 0.878132518847 -0.054588697980 -0.548567220526
1667385616.226402521133 -12.511395105240 8.814580806602 -4.273032664640 0.198259470307 0.856712031166 -0.022504426086 -0.581308481166
1667385616.457501173019 -12.503709462797 8.793015808562 -4.333407775748 0.202463289278 0.843882827488 -0.014139349478 -0.601473706804
1667385616.588234186172 -12.498857630059 8.768640671714 -4.373210657791 -0.244612838408 -1.003881100629 0.007359195000 0.512401569551
1667385616.857021331787 -12.463340271064 8.709361999835 -4.489046725658 0.227371625863 0.992340477942 0.014822404676 -0.551751087979
1667385617.025596857071 -12.415566796600 8.667792999334 -4.555220353661 0.203632887903 0.982036589407 0.027599683911 -0.587260110492
1667385617.323908567429 -12.401235990106 8.581098871071 -4.675188767145 0.211967011364 0.958274518141 0.057905272941 -0.634410059637
1667385617.424926996231 -12.408553238572 8.554055451035 -4.716331042779 0.224120741051 0.948091521392 0.072269411908 -0.649087695970
1667385617.790817022324 -12.353480974368 8.501962194560 -4.879304483365 0.236392844889 0.910276043690 0.083667202313 -0.716477260503
1667385618.023950338364 -12.322585224607 8.475659696844 -4.975795838375 0.228873313355 0.885644302809 0.096243100384 -0.763427666865
1667385618.357266426086 -12.326253002703 8.460509689585 -5.163332559193 0.195872698582 0.857534928739 0.140040775716 -0.819575552434
1667385618.458072423935 -12.320965512202 8.456962914734 -5.226344604571 0.197831330088 0.850140627920 0.144780268597 -0.830506393759
1667385618.658464670181 -12.305500747844 8.456195489486 -5.322769141312 0.200196411431 0.832627898582 0.143688716096 -0.858652350186
1667385618.890356302261 -12.304905005305 8.468825642995 -5.504678448564 0.217601712972 0.838410973301 0.132723996131 -0.844042674281
1667385619.389953851700 -12.279783714185 8.473458664738 -5.892091778653 0.239981832914 0.842060977170 0.139809695780 -0.827816701822
