000000 1667385519.855358839035 
000001 1667385519.890018224716 
000002 1667385519.921971082687 
000003 1667385519.958335876465 
000004 1667385519.990992546082 
000005 1667385520.023067235947 
000006 1667385520.058418750763 
000007 1667385520.092220067978 
000008 1667385520.122736930847 
000009 1667385520.157724618912 
000010 1667385520.191020727158 
000011 1667385520.218595981598 
000012 1667385520.253575563431 
000013 1667385520.287922620773 
000014 1667385520.324317216873 
000015 1667385520.353609800339 
000016 1667385520.390459060669 
000017 1667385520.421275138855 
000018 1667385520.455570936203 
000019 1667385520.489298105240 
000020 1667385520.519178867340 
000021 1667385520.557734727859 
000022 1667385520.588313341141 
000023 1667385520.623424768448 
000024 1667385520.657768487930 
000025 1667385520.692040681839 
000026 1667385520.722846031189 
000027 1667385520.756901025772 
000028 1667385520.789595603943 
000029 1667385520.818253755569 
000030 1667385520.855489492416 
000031 1667385520.887300729752 
000032 1667385520.923752546310 
000033 1667385520.955689668655 
000034 1667385520.991065979004 
000035 1667385521.023061752319 
000036 1667385521.058726549149 
000037 1667385521.091278076172 
000038 1667385521.123301267624 
000039 1667385521.158281564713 
000040 1667385521.190125465393 
000041 1667385521.223726749420 
000042 1667385521.256280183792 
000043 1667385521.291317701340 
000044 1667385521.322818279266 
000045 1667385521.356649398804 
000046 1667385521.390774726868 
000047 1667385521.422749996185 
000048 1667385521.457286357880 
000049 1667385521.492663860321 
000050 1667385521.525642871857 
000051 1667385521.558054208755 
000052 1667385521.590248584747 
000053 1667385521.623849391937 
000054 1667385521.655826568604 
000055 1667385521.691036224365 
000056 1667385521.722543954849 
000057 1667385521.760048627853 
000058 1667385521.789775848389 
000059 1667385521.823730230331 
000060 1667385521.855625152588 
000061 1667385521.891735553741 
000062 1667385521.923108339310 
000063 1667385521.958146333694 
000064 1667385521.988430261612 
000065 1667385522.023852109909 
000066 1667385522.057759761810 
000067 1667385522.090649843216 
000068 1667385522.121381282806 
000069 1667385522.155254840851 
000070 1667385522.191206693649 
000071 1667385522.223444938660 
000072 1667385522.257515430450 
000073 1667385522.289727926254 
000074 1667385522.321696519852 
000075 1667385522.356721639633 
000076 1667385522.387525320053 
000077 1667385522.420169353485 
000078 1667385522.457030296326 
000079 1667385522.489391565323 
000080 1667385522.521819114685 
000081 1667385522.557511091232 
000082 1667385522.588488101959 
000083 1667385522.622878074646 
000084 1667385522.650131702423 
000085 1667385522.683616399765 
000086 1667385522.718068838120 
000087 1667385522.750247240067 
000088 1667385522.790703296661 
000089 1667385522.816371440887 
000090 1667385522.852463006973 
000091 1667385522.883955478668 
000092 1667385522.918426990509 
000093 1667385522.955273389816 
000094 1667385522.990201711655 
000095 1667385523.024190425873 
000096 1667385523.057737112045 
000097 1667385523.087966442108 
000098 1667385523.123317480087 
000099 1667385523.155425071716 
000100 1667385523.192870140076 
000101 1667385523.223014354706 
000102 1667385523.252410888672 
000103 1667385523.289773225784 
000104 1667385523.324048042297 
000105 1667385523.358183860779 
000106 1667385523.388372898102 
000107 1667385523.423211574554 
000108 1667385523.458250761032 
000109 1667385523.487502813339 
000110 1667385523.522172212601 
000111 1667385523.558160305023 
000112 1667385523.589494466782 
000113 1667385523.620302438736 
000114 1667385523.655223608017 
000115 1667385523.690962314606 
000116 1667385523.721731185913 
000117 1667385523.756581544876 
000118 1667385523.783536911011 
000119 1667385523.816938638687 
000120 1667385523.855973958969 
000121 1667385523.891476631165 
000122 1667385523.921259641647 
000123 1667385523.958953142166 
000124 1667385523.989617586136 
000125 1667385524.025087594986 
000126 1667385524.057075738907 
000127 1667385524.091647624969 
000128 1667385524.125222206116 
000129 1667385524.156080007553 
000130 1667385524.190988540649 
000131 1667385524.224252939224 
000132 1667385524.255226612091 
000133 1667385524.290810346603 
000134 1667385524.323449373245 
000135 1667385524.357236623764 
000136 1667385524.391201019287 
000137 1667385524.424308538437 
000138 1667385524.456042051315 
000139 1667385524.492151737213 
000140 1667385524.524374246597 
000141 1667385524.555859804153 
000142 1667385524.585401058197 
000143 1667385524.615211248398 
000144 1667385524.654762506485 
000145 1667385524.690142631531 
000146 1667385524.721697330475 
000147 1667385524.755204916000 
000148 1667385524.790626049042 
000149 1667385524.825566291809 
000150 1667385524.852759599686 
000151 1667385524.887120723724 
000152 1667385524.923635005951 
000153 1667385524.952265977859 
000154 1667385524.992008209229 
000155 1667385525.021240949631 
000156 1667385525.056503534317 
000157 1667385525.091004610062 
000158 1667385525.120619535446 
000159 1667385525.154749155045 
000160 1667385525.190291881561 
000161 1667385525.224767923355 
000162 1667385525.256013631821 
000163 1667385525.290983676910 
000164 1667385525.320545434952 
000165 1667385525.354564666748 
000166 1667385525.386366367340 
000167 1667385525.423100233078 
000168 1667385525.457899808884 
000169 1667385525.491749525070 
000170 1667385525.521028757095 
000171 1667385525.557679653168 
000172 1667385525.588724136353 
000173 1667385525.621071338654 
000174 1667385525.656381368637 
000175 1667385525.686605691910 
000176 1667385525.721249103546 
000177 1667385525.756952285767 
000178 1667385525.788610935211 
000179 1667385525.824146986008 
000180 1667385525.855677127838 
000181 1667385525.893694639206 
000182 1667385525.925668239594 
000183 1667385525.955952644348 
000184 1667385525.984838247299 
000185 1667385526.025628089905 
000186 1667385526.053677320480 
000187 1667385526.088419675827 
000188 1667385526.125603437424 
000189 1667385526.156024694443 
000190 1667385526.191673994064 
000191 1667385526.223269224167 
000192 1667385526.257338762283 
000193 1667385526.288542509079 
000194 1667385526.323545932770 
000195 1667385526.356950759888 
000196 1667385526.390436172485 
000197 1667385526.422709941864 
000198 1667385526.455409288406 
000199 1667385526.490406036377 
000200 1667385526.520371198654 
000201 1667385526.558412313461 
000202 1667385526.590796232224 
000203 1667385526.618939161301 
000204 1667385526.654203891754 
000205 1667385526.689370393753 
000206 1667385526.718121051788 
000207 1667385526.754990816116 
000208 1667385526.786243677139 
000209 1667385526.823012113571 
000210 1667385526.854179143906 
000211 1667385526.891458034515 
000212 1667385526.920929431915 
000213 1667385526.955211400986 
000214 1667385526.987536430359 
000215 1667385527.025432109833 
000216 1667385527.056394338608 
000217 1667385527.090425968170 
000218 1667385527.123911619186 
000219 1667385527.155549049377 
000220 1667385527.190239191055 
000221 1667385527.225563049316 
000222 1667385527.256165027618 
000223 1667385527.291714429855 
000224 1667385527.323794603348 
000225 1667385527.353931665421 
000226 1667385527.390094280243 
000227 1667385527.422224760056 
000228 1667385527.458264589310 
000229 1667385527.488636255264 
000230 1667385527.525911808014 
000231 1667385527.557480812073 
000232 1667385527.583336591721 
000233 1667385527.621069192886 
000234 1667385527.654267311096 
000235 1667385527.689323902130 
000236 1667385527.721253871918 
000237 1667385527.756046772003 
000238 1667385527.786819696426 
000239 1667385527.820855379105 
000240 1667385527.855903625488 
000241 1667385527.890382051468 
000242 1667385527.923340797424 
000243 1667385527.949804306030 
000244 1667385527.991224765778 
000245 1667385528.022521495819 
000246 1667385528.055847883224 
000247 1667385528.090283393860 
000248 1667385528.122899055481 
000249 1667385528.157866477966 
000250 1667385528.189437866211 
000251 1667385528.220902681351 
000252 1667385528.257719755173 
000253 1667385528.292114734650 
000254 1667385528.323535919189 
000255 1667385528.356607675552 
000256 1667385528.387741804123 
000257 1667385528.422952413559 
000258 1667385528.457589387894 
000259 1667385528.492265224457 
000260 1667385528.523374557495 
000261 1667385528.555954217911 
000262 1667385528.588666677475 
000263 1667385528.621071338654 
000264 1667385528.656571149826 
000265 1667385528.690204143524 
000266 1667385528.722821712494 
000267 1667385528.756197214127 
000268 1667385528.791027545929 
000269 1667385528.823300600052 
000270 1667385528.853982686996 
000271 1667385528.888470649719 
000272 1667385528.923408508301 
000273 1667385528.954594850540 
000274 1667385528.982655286789 
000275 1667385529.016879796982 
000276 1667385529.057869672775 
000277 1667385529.090516328812 
000278 1667385529.123186588287 
000279 1667385529.157569169998 
000280 1667385529.186117887497 
000281 1667385529.225493669510 
000282 1667385529.252788782120 
000283 1667385529.289303064346 
000284 1667385529.323327779770 
000285 1667385529.358589649200 
000286 1667385529.389533042908 
000287 1667385529.424660205841 
000288 1667385529.455569982529 
000289 1667385529.485374689102 
000290 1667385529.520909070969 
000291 1667385529.555645704269 
000292 1667385529.589012145996 
000293 1667385529.620618343353 
000294 1667385529.656459808350 
000295 1667385529.693936586380 
000296 1667385529.724002122879 
000297 1667385529.754888772964 
000298 1667385529.785566329956 
000299 1667385529.823025226593 
000300 1667385529.856643199921 
000301 1667385529.884073495865 
000302 1667385529.920113086700 
000303 1667385529.954832553864 
000304 1667385529.991183280945 
000305 1667385530.023590087891 
000306 1667385530.056804418564 
000307 1667385530.089428901672 
000308 1667385530.125540018082 
000309 1667385530.155939102173 
000310 1667385530.190643548965 
000311 1667385530.221178054810 
000312 1667385530.254574537277 
000313 1667385530.290036916733 
000314 1667385530.317305564880 
000315 1667385530.356771230698 
000316 1667385530.386292934418 
000317 1667385530.417455673218 
000318 1667385530.455383062363 
000319 1667385530.483996629715 
000320 1667385530.523945569992 
000321 1667385530.558134317398 
000322 1667385530.585647821426 
000323 1667385530.622607231140 
000324 1667385530.649153470993 
000325 1667385530.690741300583 
000326 1667385530.725064992905 
000327 1667385530.755878448486 
000328 1667385530.788013696671 
000329 1667385530.821223735809 
000330 1667385530.856325387955 
000331 1667385530.883825540543 
000332 1667385530.921228885651 
000333 1667385530.954842567444 
000334 1667385530.989900350571 
000335 1667385531.021283864975 
000336 1667385531.051669359207 
000337 1667385531.090578794479 
000338 1667385531.120954036713 
000339 1667385531.155493736267 
000340 1667385531.190477371216 
000341 1667385531.221435308456 
000342 1667385531.256165504456 
000343 1667385531.290674448013 
000344 1667385531.321529150009 
000345 1667385531.355680704117 
000346 1667385531.390403985977 
000347 1667385531.421015501022 
000348 1667385531.456700801849 
000349 1667385531.488577604294 
000350 1667385531.522839784622 
000351 1667385531.557211160660 
000352 1667385531.588545799255 
000353 1667385531.620252847672 
000354 1667385531.657324790955 
000355 1667385531.689923286438 
000356 1667385531.717836141586 
000357 1667385531.755348443985 
000358 1667385531.790463924408 
000359 1667385531.816252946854 
000360 1667385531.850525617599 
000361 1667385531.884557247162 
000362 1667385531.922501564026 
000363 1667385531.953850746155 
000364 1667385531.983227014542 
000365 1667385532.019920587540 
000366 1667385532.053516149521 
000367 1667385532.090608835220 
000368 1667385532.115406751633 
000369 1667385532.150016546249 
000370 1667385532.189875841141 
000371 1667385532.223455429077 
000372 1667385532.257941007614 
000373 1667385532.289100170135 
000374 1667385532.320574760437 
000375 1667385532.356766939163 
000376 1667385532.390911102295 
000377 1667385532.425570726395 
000378 1667385532.455626010895 
000379 1667385532.485813617706 
000380 1667385532.520846128464 
000381 1667385532.555721044540 
000382 1667385532.590351343155 
000383 1667385532.620693922043 
000384 1667385532.655783414841 
000385 1667385532.690451145172 
000386 1667385532.723060607910 
000387 1667385532.748735189438 
000388 1667385532.788310050964 
000389 1667385532.823351144791 
000390 1667385532.857688903809 
000391 1667385532.892388105392 
000392 1667385532.924069881439 
000393 1667385532.955465316772 
000394 1667385532.988617897034 
000395 1667385533.016407966614 
000396 1667385533.056498289108 
000397 1667385533.091101884842 
000398 1667385533.124748706818 
000399 1667385533.154968500137 
000400 1667385533.190856933594 
000401 1667385533.224311590195 
000402 1667385533.256386041641 
000403 1667385533.292768955231 
000404 1667385533.323093175888 
000405 1667385533.354741573334 
000406 1667385533.390785694122 
000407 1667385533.421401500702 
000408 1667385533.455593824387 
000409 1667385533.486340522766 
000410 1667385533.523010253906 
000411 1667385533.558010339737 
000412 1667385533.588860511780 
000413 1667385533.623724460602 
000414 1667385533.657667398453 
000415 1667385533.688432931900 
000416 1667385533.723018884659 
000417 1667385533.758808612823 
000418 1667385533.792287111282 
000419 1667385533.821279764175 
000420 1667385533.857381582260 
000421 1667385533.887561321259 
000422 1667385533.923107624054 
000423 1667385533.952954530716 
000424 1667385533.991728544235 
000425 1667385534.019512891769 
000426 1667385534.058611154556 
000427 1667385534.088212728500 
000428 1667385534.122893333435 
000429 1667385534.150627374649 
000430 1667385534.190849065781 
000431 1667385534.223849534988 
000432 1667385534.255308389664 
000433 1667385534.290059566498 
000434 1667385534.322561502457 
000435 1667385534.353346109390 
000436 1667385534.391750097275 
000437 1667385534.421985387802 
000438 1667385534.458600282669 
000439 1667385534.488812685013 
000440 1667385534.520588159561 
000441 1667385534.556017875671 
000442 1667385534.589055538177 
000443 1667385534.621070384979 
000444 1667385534.655369997025 
000445 1667385534.689439296722 
000446 1667385534.719886064529 
000447 1667385534.757000684738 
000448 1667385534.787739038467 
000449 1667385534.822764635086 
000450 1667385534.854729890823 
000451 1667385534.887593269348 
000452 1667385534.923440694809 
000453 1667385534.957793712616 
000454 1667385534.989884614944 
000455 1667385535.022305965424 
000456 1667385535.053021192551 
000457 1667385535.088931322098 
000458 1667385535.123446702957 
000459 1667385535.153861284256 
000460 1667385535.190079927444 
000461 1667385535.222997665405 
000462 1667385535.255845069885 
000463 1667385535.287352085114 
000464 1667385535.323258638382 
000465 1667385535.358686447144 
000466 1667385535.388201475143 
000467 1667385535.423777103424 
000468 1667385535.459448337555 
000469 1667385535.491211175919 
000470 1667385535.525159597397 
000471 1667385535.555647611618 
000472 1667385535.590676546097 
000473 1667385535.624712944031 
000474 1667385535.656166791916 
000475 1667385535.691804885864 
000476 1667385535.721282720566 
000477 1667385535.754941940308 
000478 1667385535.790557384491 
000479 1667385535.821026325226 
000480 1667385535.855484247208 
000481 1667385535.890665769577 
000482 1667385535.922254323959 
000483 1667385535.958198070526 
000484 1667385535.989681005478 
000485 1667385536.023343801498 
000486 1667385536.058179855347 
000487 1667385536.087842464447 
000488 1667385536.122549772263 
000489 1667385536.157380580902 
000490 1667385536.188344955444 
000491 1667385536.223027467728 
000492 1667385536.258931875229 
000493 1667385536.288249731064 
000494 1667385536.321877956390 
000495 1667385536.356253385544 
000496 1667385536.387529373169 
000497 1667385536.423198223114 
000498 1667385536.454344987869 
000499 1667385536.488795995712 
000500 1667385536.521162748337 
000501 1667385536.555967330933 
000502 1667385536.590466260910 
000503 1667385536.619701385498 
000504 1667385536.657554626465 
000505 1667385536.692090988159 
000506 1667385536.723587512970 
000507 1667385536.756067276001 
000508 1667385536.790354013443 
000509 1667385536.816262245178 
000510 1667385536.852459907532 
000511 1667385536.888391733170 
000512 1667385536.922386407852 
000513 1667385536.951943635941 
000514 1667385536.991187810898 
000515 1667385537.021213769913 
000516 1667385537.050914049149 
000517 1667385537.083401679993 
000518 1667385537.116772890091 
000519 1667385537.155219793320 
000520 1667385537.189247608185 
000521 1667385537.217910289764 
000522 1667385537.248553514481 
000523 1667385537.290517807007 
000524 1667385537.322897195816 
000525 1667385537.353561878204 
000526 1667385537.383602857590 
000527 1667385537.418300867081 
000528 1667385537.454799413681 
000529 1667385537.491258144379 
000530 1667385537.518647432327 
000531 1667385537.554165840149 
000532 1667385537.585920810699 
000533 1667385537.620488643646 
000534 1667385537.656237840652 
000535 1667385537.685111045837 
000536 1667385537.723260164261 
000537 1667385537.757251739502 
000538 1667385537.789245605469 
000539 1667385537.821139574051 
000540 1667385537.858211755753 
000541 1667385537.886361837387 
000542 1667385537.924200057983 
000543 1667385537.952529668808 
000544 1667385537.988146305084 
000545 1667385538.023368120193 
000546 1667385538.055415391922 
000547 1667385538.091430664062 
000548 1667385538.126170873642 
000549 1667385538.156220912933 
000550 1667385538.186853647232 
000551 1667385538.223137855530 
000552 1667385538.255402326584 
000553 1667385538.288741588593 
000554 1667385538.321171998978 
000555 1667385538.356847286224 
000556 1667385538.389863491058 
000557 1667385538.418961048126 
000558 1667385538.455362319946 
000559 1667385538.490285158157 
000560 1667385538.520766496658 
000561 1667385538.555187702179 
000562 1667385538.591000556946 
000563 1667385538.622210741043 
000564 1667385538.655840635300 
000565 1667385538.689009189606 
000566 1667385538.716521263123 
000567 1667385538.755533933640 
000568 1667385538.786659240723 
000569 1667385538.824597835541 
000570 1667385538.856662511826 
000571 1667385538.884212255478 
000572 1667385538.923533201218 
000573 1667385538.955737829208 
000574 1667385538.982961177826 
000575 1667385539.022389411926 
000576 1667385539.056992053986 
000577 1667385539.088372707367 
000578 1667385539.123406410217 
000579 1667385539.158425807953 
000580 1667385539.187773704529 
000581 1667385539.220398664474 
000582 1667385539.253141164780 
000583 1667385539.290826559067 
000584 1667385539.322913646698 
000585 1667385539.357553243637 
000586 1667385539.390000343323 
000587 1667385539.421812295914 
000588 1667385539.455719709396 
000589 1667385539.488686800003 
000590 1667385539.522399902344 
000591 1667385539.555706739426 
000592 1667385539.590556859970 
000593 1667385539.623599052429 
000594 1667385539.653056144714 
000595 1667385539.688599348068 
000596 1667385539.722601890564 
000597 1667385539.758407592773 
000598 1667385539.787829399109 
000599 1667385539.824432373047 
000600 1667385539.855046033859 
000601 1667385539.889988660812 
000602 1667385539.920881748199 
000603 1667385539.957813024521 
000604 1667385539.993257045746 
000605 1667385540.023421525955 
000606 1667385540.053449630737 
000607 1667385540.090225458145 
000608 1667385540.122145175934 
000609 1667385540.156760454178 
000610 1667385540.187914848328 
000611 1667385540.223343372345 
000612 1667385540.257800817490 
000613 1667385540.289897203445 
000614 1667385540.321273565292 
000615 1667385540.355656147003 
000616 1667385540.390893697739 
000617 1667385540.419787883759 
000618 1667385540.453749895096 
000619 1667385540.490073204041 
000620 1667385540.521121025085 
000621 1667385540.556353092194 
000622 1667385540.590331077576 
000623 1667385540.625641822815 
000624 1667385540.655603170395 
000625 1667385540.690043687820 
000626 1667385540.722517490387 
000627 1667385540.755371570587 
000628 1667385540.790999412537 
000629 1667385540.821092128754 
000630 1667385540.856377363205 
000631 1667385540.890906572342 
000632 1667385540.918676376343 
000633 1667385540.956164836884 
000634 1667385540.990245103836 
000635 1667385541.019200086594 
000636 1667385541.055544614792 
000637 1667385541.091346263885 
000638 1667385541.124145984650 
000639 1667385541.157276630402 
000640 1667385541.187786102295 
000641 1667385541.223550558090 
000642 1667385541.255747795105 
000643 1667385541.289603710175 
000644 1667385541.319883584976 
000645 1667385541.355957746506 
000646 1667385541.388945102692 
000647 1667385541.416664838791 
000648 1667385541.451884984970 
000649 1667385541.482553482056 
000650 1667385541.516291618347 
000651 1667385541.553693294525 
000652 1667385541.582995176315 
000653 1667385541.623165607452 
000654 1667385541.654513597488 
000655 1667385541.690228462219 
000656 1667385541.721069574356 
000657 1667385541.751868009567 
000658 1667385541.789805889130 
000659 1667385541.820439100266 
000660 1667385541.856750965118 
000661 1667385541.890659332275 
000662 1667385541.921639919281 
000663 1667385541.950047254562 
000664 1667385541.984892368317 
000665 1667385542.020508050919 
000666 1667385542.054874420166 
000667 1667385542.089341878891 
000668 1667385542.124366521835 
000669 1667385542.156410694122 
000670 1667385542.191242933273 
000671 1667385542.226674079895 
000672 1667385542.255186557770 
000673 1667385542.290608167648 
000674 1667385542.320187091827 
000675 1667385542.355457067490 
000676 1667385542.390652179718 
000677 1667385542.421124696732 
000678 1667385542.455538272858 
000679 1667385542.489067792892 
000680 1667385542.523466825485 
000681 1667385542.550850868225 
000682 1667385542.589819192886 
000683 1667385542.624619483948 
000684 1667385542.655144929886 
000685 1667385542.690821170807 
000686 1667385542.723357439041 
000687 1667385542.754877090454 
000688 1667385542.790979862213 
000689 1667385542.818576335907 
000690 1667385542.853485584259 
000691 1667385542.887939691544 
000692 1667385542.924262285233 
000693 1667385542.956140279770 
000694 1667385542.990396499634 
000695 1667385543.023119211197 
000696 1667385543.058295965195 
000697 1667385543.090754032135 
000698 1667385543.123473405838 
000699 1667385543.154480934143 
000700 1667385543.188005924225 
000701 1667385543.222825288773 
000702 1667385543.253808021545 
000703 1667385543.292217254639 
000704 1667385543.323225736618 
000705 1667385543.349692106247 
000706 1667385543.384349346161 
000707 1667385543.423463344574 
000708 1667385543.450829267502 
000709 1667385543.489345073700 
000710 1667385543.522639274597 
000711 1667385543.556338310242 
000712 1667385543.586369276047 
000713 1667385543.622946500778 
000714 1667385543.655102968216 
000715 1667385543.690116882324 
000716 1667385543.720615386963 
000717 1667385543.754063367844 
000718 1667385543.783634185791 
000719 1667385543.820694446564 
000720 1667385543.849845886230 
000721 1667385543.887878894806 
000722 1667385543.922867059708 
000723 1667385543.953648805618 
000724 1667385543.990673542023 
000725 1667385544.021467447281 
000726 1667385544.055424451828 
000727 1667385544.090724468231 
000728 1667385544.124347209930 
000729 1667385544.153210878372 
000730 1667385544.183413267136 
000731 1667385544.222211122513 
000732 1667385544.249715566635 
000733 1667385544.283575773239 
000734 1667385544.317666530609 
000735 1667385544.350201606750 
000736 1667385544.386707067490 
000737 1667385544.421282291412 
000738 1667385544.451227664948 
000739 1667385544.488580703735 
000740 1667385544.522761106491 
000741 1667385544.553400039673 
000742 1667385544.590123414993 
000743 1667385544.620462894440 
000744 1667385544.655958652496 
000745 1667385544.691979646683 
000746 1667385544.720654726028 
000747 1667385544.756075859070 
000748 1667385544.787467241287 
000749 1667385544.821445703506 
000750 1667385544.856346368790 
000751 1667385544.890208959579 
000752 1667385544.923012733459 
000753 1667385544.953112840652 
000754 1667385544.987420797348 
000755 1667385545.023227930069 
000756 1667385545.057377338409 
000757 1667385545.088702917099 
000758 1667385545.121121168137 
000759 1667385545.154018878937 
000760 1667385545.188024759293 
000761 1667385545.223170518875 
000762 1667385545.254871606827 
000763 1667385545.286298513412 
000764 1667385545.315958261490 
000765 1667385545.349879264832 
000766 1667385545.390915632248 
000767 1667385545.418499946594 
000768 1667385545.455766439438 
000769 1667385545.483935356140 
000770 1667385545.518854856491 
000771 1667385545.554657459259 
000772 1667385545.588175296783 
000773 1667385545.622941732407 
000774 1667385545.658539295197 
000775 1667385545.688482761383 
000776 1667385545.721616983414 
000777 1667385545.757605791092 
000778 1667385545.790315628052 
000779 1667385545.821627378464 
000780 1667385545.855762958527 
000781 1667385545.891867876053 
000782 1667385545.921183586121 
000783 1667385545.956570863724 
000784 1667385545.990968227386 
000785 1667385546.021133899689 
000786 1667385546.058493375778 
000787 1667385546.090636491776 
000788 1667385546.120650291443 
000789 1667385546.155551910400 
000790 1667385546.190379619598 
000791 1667385546.223393201828 
000792 1667385546.258080482483 
000793 1667385546.288624763489 
000794 1667385546.326266288757 
000795 1667385546.355684995651 
000796 1667385546.391877889633 
000797 1667385546.423093318939 
000798 1667385546.457786560059 
000799 1667385546.490351676941 
000800 1667385546.524456501007 
000801 1667385546.553816556931 
000802 1667385546.587940931320 
000803 1667385546.622634649277 
000804 1667385546.658123254776 
000805 1667385546.690802574158 
000806 1667385546.721447706223 
000807 1667385546.755331277847 
000808 1667385546.788251638412 
000809 1667385546.823042392731 
000810 1667385546.857171297073 
000811 1667385546.890406608582 
000812 1667385546.924463272095 
000813 1667385546.958365917206 
000814 1667385546.990724563599 
000815 1667385547.024497985840 
000816 1667385547.055905818939 
000817 1667385547.091123819351 
000818 1667385547.124393939972 
000819 1667385547.154446363449 
000820 1667385547.189941883087 
000821 1667385547.220708131790 
000822 1667385547.255855798721 
000823 1667385547.292124271393 
000824 1667385547.323455572128 
000825 1667385547.356012105942 
000826 1667385547.390375614166 
000827 1667385547.419035434723 
000828 1667385547.455566167831 
000829 1667385547.491024971008 
000830 1667385547.520925998688 
000831 1667385547.555763244629 
000832 1667385547.590346574783 
000833 1667385547.621479749680 
000834 1667385547.653966903687 
000835 1667385547.686619043350 
000836 1667385547.724647283554 
000837 1667385547.755228757858 
000838 1667385547.788251161575 
000839 1667385547.820221424103 
000840 1667385547.855628252029 
000841 1667385547.891867160797 
000842 1667385547.923139572144 
000843 1667385547.953529119492 
000844 1667385547.990845441818 
000845 1667385548.023069143295 
000846 1667385548.058025360107 
000847 1667385548.091345071793 
000848 1667385548.122900247574 
000849 1667385548.158217668533 
000850 1667385548.191275596619 
000851 1667385548.223106622696 
000852 1667385548.258439779282 
000853 1667385548.291783809662 
000854 1667385548.322551965714 
000855 1667385548.359578847885 
000856 1667385548.389051198959 
000857 1667385548.423304080963 
000858 1667385548.457837581635 
000859 1667385548.490314483643 
000860 1667385548.525352716446 
000861 1667385548.555300474167 
000862 1667385548.590564012527 
000863 1667385548.624368190765 
000864 1667385548.656205177307 
000865 1667385548.690309762955 
000866 1667385548.718382358551 
000867 1667385548.750263929367 
000868 1667385548.786306381226 
000869 1667385548.815734863281 
000870 1667385548.849479436874 
000871 1667385548.887593984604 
000872 1667385548.923149108887 
000873 1667385548.954824209213 
000874 1667385548.987615823746 
000875 1667385549.024669170380 
000876 1667385549.054010152817 
000877 1667385549.089698076248 
000878 1667385549.120029926300 
000879 1667385549.149342775345 
000880 1667385549.184630155563 
000881 1667385549.220571756363 
000882 1667385549.255629539490 
000883 1667385549.290802955627 
000884 1667385549.321947574615 
000885 1667385549.355534076691 
000886 1667385549.389606475830 
000887 1667385549.420612096786 
000888 1667385549.456149578094 
000889 1667385549.487723112106 
000890 1667385549.523168563843 
000891 1667385549.553718566895 
000892 1667385549.588223457336 
000893 1667385549.622843265533 
000894 1667385549.658493280411 
000895 1667385549.687356710434 
000896 1667385549.721983909607 
000897 1667385549.757634162903 
000898 1667385549.790124654770 
000899 1667385549.822993755341 
000900 1667385549.850516796112 
000901 1667385549.889536619186 
000902 1667385549.920651197433 
000903 1667385549.955862045288 
000904 1667385549.990753650665 
000905 1667385550.020704269409 
000906 1667385550.055774211884 
000907 1667385550.090508222580 
000908 1667385550.120963096619 
000909 1667385550.155063152313 
000910 1667385550.191823720932 
000911 1667385550.225019454956 
000912 1667385550.258927583694 
000913 1667385550.290344476700 
000914 1667385550.322828054428 
000915 1667385550.356413841248 
000916 1667385550.390437602997 
000917 1667385550.417106389999 
000918 1667385550.453383207321 
000919 1667385550.483411073685 
000920 1667385550.516051769257 
000921 1667385550.549412727356 
000922 1667385550.590028762817 
000923 1667385550.617187976837 
000924 1667385550.657478570938 
000925 1667385550.689221382141 
000926 1667385550.719254970551 
000927 1667385550.752786874771 
000928 1667385550.787413120270 
000929 1667385550.816279649734 
000930 1667385550.857840061188 
000931 1667385550.888458251953 
000932 1667385550.920157432556 
000933 1667385550.955640554428 
000934 1667385550.986197471619 
000935 1667385551.016655683517 
000936 1667385551.049454212189 
000937 1667385551.082185268402 
000938 1667385551.115299940109 
000939 1667385551.155473709106 
000940 1667385551.191097736359 
000941 1667385551.221046924591 
000942 1667385551.255207061768 
000943 1667385551.285535573959 
000944 1667385551.322447776794 
000945 1667385551.355797767639 
000946 1667385551.387932062149 
000947 1667385551.420751571655 
000948 1667385551.455465555191 
000949 1667385551.483917713165 
000950 1667385551.519665241241 
000951 1667385551.550873041153 
000952 1667385551.583140850067 
000953 1667385551.622622489929 
000954 1667385551.649594306946 
000955 1667385551.690781116486 
000956 1667385551.723293304443 
000957 1667385551.758013248444 
000958 1667385551.784559249878 
000959 1667385551.821892738342 
000960 1667385551.852220535278 
000961 1667385551.890876770020 
000962 1667385551.922646999359 
000963 1667385551.957495212555 
000964 1667385551.992411136627 
000965 1667385552.023505449295 
000966 1667385552.055050134659 
000967 1667385552.089240789413 
000968 1667385552.120283126831 
000969 1667385552.155955553055 
000970 1667385552.189972639084 
000971 1667385552.221760272980 
000972 1667385552.254703044891 
000973 1667385552.289657115936 
000974 1667385552.323258638382 
000975 1667385552.350846767426 
000976 1667385552.383440971375 
000977 1667385552.419023036957 
000978 1667385552.458620548248 
000979 1667385552.490996122360 
000980 1667385552.519111156464 
000981 1667385552.557674884796 
000982 1667385552.585441350937 
000983 1667385552.616235733032 
000984 1667385552.648865938187 
000985 1667385552.682454586029 
000986 1667385552.722804307938 
000987 1667385552.754268884659 
000988 1667385552.783418655396 
000989 1667385552.821772575378 
000990 1667385552.857532739639 
000991 1667385552.889315843582 
000992 1667385552.922491312027 
000993 1667385552.957424163818 
000994 1667385552.989242792130 
000995 1667385553.024646997452 
000996 1667385553.055857658386 
000997 1667385553.091101169586 
000998 1667385553.123068571091 
000999 1667385553.152382135391 
001000 1667385553.189600229263 
001001 1667385553.222032546997 
001002 1667385553.249715328217 
001003 1667385553.287511110306 
001004 1667385553.325848579407 
001005 1667385553.356462955475 
001006 1667385553.383627414703 
001007 1667385553.417773962021 
001008 1667385553.449520826340 
001009 1667385553.484532356262 
001010 1667385553.520329952240 
001011 1667385553.555580377579 
001012 1667385553.586860895157 
001013 1667385553.623287916183 
001014 1667385553.655895709991 
001015 1667385553.686453819275 
001016 1667385553.716591119766 
001017 1667385553.753469705582 
001018 1667385553.786868572235 
001019 1667385553.820096254349 
001020 1667385553.856889009476 
001021 1667385553.888125181198 
001022 1667385553.918823719025 
001023 1667385553.951668977737 
001024 1667385553.989858150482 
001025 1667385554.024686813354 
001026 1667385554.055299282074 
001027 1667385554.087712287903 
001028 1667385554.123078823090 
001029 1667385554.156629085541 
001030 1667385554.190635442734 
001031 1667385554.221019506454 
001032 1667385554.253670692444 
001033 1667385554.287611722946 
001034 1667385554.321106672287 
001035 1667385554.356817007065 
001036 1667385554.388918399811 
001037 1667385554.423435688019 
001038 1667385554.455605030060 
001039 1667385554.490309238434 
001040 1667385554.516542673111 
001041 1667385554.556591987610 
001042 1667385554.590684890747 
001043 1667385554.623357772827 
001044 1667385554.653776407242 
001045 1667385554.688514232635 
001046 1667385554.723220109940 
001047 1667385554.754666566849 
001048 1667385554.791005849838 
001049 1667385554.818382740021 
001050 1667385554.852468490601 
001051 1667385554.886417150497 
001052 1667385554.922403812408 
001053 1667385554.950974464417 
001054 1667385554.985117435455 
001055 1667385555.024767875671 
001056 1667385555.056208848953 
001057 1667385555.086825847626 
001058 1667385555.116725206375 
001059 1667385555.157022237778 
001060 1667385555.191037654877 
001061 1667385555.225366592407 
001062 1667385555.255989074707 
001063 1667385555.292030572891 
001064 1667385555.322649478912 
001065 1667385555.355998992920 
001066 1667385555.389715433121 
001067 1667385555.419466495514 
001068 1667385555.455391407013 
001069 1667385555.491399288177 
001070 1667385555.525449275970 
001071 1667385555.553628683090 
001072 1667385555.589699745178 
001073 1667385555.623602628708 
001074 1667385555.649622201920 
001075 1667385555.690425395966 
001076 1667385555.722462177277 
001077 1667385555.749668836594 
001078 1667385555.790693998337 
001079 1667385555.827266216278 
001080 1667385555.850194454193 
001081 1667385555.888113975525 
001082 1667385555.920217752457 
001083 1667385555.953454017639 
001084 1667385555.988529443741 
001085 1667385556.024000644684 
001086 1667385556.057944059372 
001087 1667385556.090496540070 
001088 1667385556.119125366211 
001089 1667385556.155403137207 
001090 1667385556.182464838028 
001091 1667385556.222605705261 
001092 1667385556.259380340576 
001093 1667385556.290725469589 
001094 1667385556.320260047913 
001095 1667385556.357048511505 
001096 1667385556.390599966049 
001097 1667385556.420930147171 
001098 1667385556.455127239227 
001099 1667385556.490443944931 
001100 1667385556.521142005920 
001101 1667385556.558221340179 
001102 1667385556.588341474533 
001103 1667385556.623899936676 
001104 1667385556.656073570251 
001105 1667385556.690353631973 
001106 1667385556.724415302277 
001107 1667385556.758398771286 
001108 1667385556.782446146011 
001109 1667385556.815710783005 
001110 1667385556.856162309647 
001111 1667385556.889539480209 
001112 1667385556.917799234390 
001113 1667385556.952992677689 
001114 1667385556.985517024994 
001115 1667385557.022373914719 
001116 1667385557.053156614304 
001117 1667385557.088030576706 
001118 1667385557.122613430023 
001119 1667385557.157948732376 
001120 1667385557.187947750092 
001121 1667385557.219152212143 
001122 1667385557.255755901337 
001123 1667385557.289735078812 
001124 1667385557.320626735687 
001125 1667385557.359331607819 
001126 1667385557.390828132629 
001127 1667385557.422018289566 
001128 1667385557.456437349319 
001129 1667385557.490699529648 
001130 1667385557.525908708572 
001131 1667385557.548775672913 
001132 1667385557.589797496796 
001133 1667385557.617916345596 
001134 1667385557.658360958099 
001135 1667385557.688565254211 
001136 1667385557.723447084427 
001137 1667385557.753003597260 
001138 1667385557.785615921021 
001139 1667385557.817497730255 
001140 1667385557.855246305466 
001141 1667385557.888971567154 
001142 1667385557.923401117325 
001143 1667385557.950279712677 
001144 1667385557.984248161316 
001145 1667385558.016186237335 
001146 1667385558.051420688629 
001147 1667385558.086015701294 
001148 1667385558.122358560562 
001149 1667385558.156119823456 
001150 1667385558.190677165985 
001151 1667385558.226046085358 
001152 1667385558.257435798645 
001153 1667385558.290313243866 
001154 1667385558.321169376373 
001155 1667385558.353343963623 
001156 1667385558.391746520996 
001157 1667385558.424115657806 
001158 1667385558.458455085754 
001159 1667385558.488713502884 
001160 1667385558.523796558380 
001161 1667385558.555895805359 
001162 1667385558.586959600449 
001163 1667385558.619949340820 
001164 1667385558.657582044601 
001165 1667385558.692171573639 
001166 1667385558.726868867874 
001167 1667385558.756523847580 
001168 1667385558.787977218628 
001169 1667385558.822505235672 
001170 1667385558.858335256577 
001171 1667385558.890664100647 
001172 1667385558.920977354050 
001173 1667385558.953140974045 
001174 1667385558.988666772842 
001175 1667385559.023154258728 
001176 1667385559.053815126419 
001177 1667385559.090666532516 
001178 1667385559.118562698364 
001179 1667385559.156484365463 
001180 1667385559.187798500061 
001181 1667385559.220979213715 
001182 1667385559.256261348724 
001183 1667385559.289861202240 
001184 1667385559.324593544006 
001185 1667385559.353767633438 
001186 1667385559.390785694122 
001187 1667385559.421018123627 
001188 1667385559.455089569092 
001189 1667385559.490820407867 
001190 1667385559.525453090668 
001191 1667385559.555263042450 
001192 1667385559.590264797211 
001193 1667385559.625183105469 
001194 1667385559.656056642532 
001195 1667385559.690887689590 
001196 1667385559.721754789352 
001197 1667385559.757627010345 
001198 1667385559.788595199585 
001199 1667385559.823014259338 
001200 1667385559.858476638794 
001201 1667385559.889556169510 
001202 1667385559.921248197556 
001203 1667385559.952949047089 
001204 1667385559.989637136459 
001205 1667385560.023748159409 
001206 1667385560.056010246277 
001207 1667385560.088122129440 
001208 1667385560.123009681702 
001209 1667385560.156441211700 
001210 1667385560.190715789795 
001211 1667385560.226938247681 
001212 1667385560.252939224243 
001213 1667385560.287706136703 
001214 1667385560.324639558792 
001215 1667385560.355661869049 
001216 1667385560.387959957123 
001217 1667385560.424802541733 
001218 1667385560.455526113510 
001219 1667385560.485203266144 
001220 1667385560.523802518845 
001221 1667385560.557957410812 
001222 1667385560.585788249969 
001223 1667385560.623351097107 
001224 1667385560.657434225082 
001225 1667385560.688578367233 
001226 1667385560.723254203796 
001227 1667385560.751494646072 
001228 1667385560.785588026047 
001229 1667385560.820386648178 
001230 1667385560.856984615326 
001231 1667385560.888742208481 
001232 1667385560.923282384872 
001233 1667385560.956212520599 
001234 1667385560.990122079849 
001235 1667385561.021340847015 
001236 1667385561.056136369705 
001237 1667385561.092012882233 
001238 1667385561.127118825912 
001239 1667385561.156850576401 
001240 1667385561.188413619995 
001241 1667385561.223307847977 
001242 1667385561.257241249084 
001243 1667385561.287771463394 
001244 1667385561.323200225830 
001245 1667385561.348817348480 
001246 1667385561.390681028366 
001247 1667385561.424705505371 
001248 1667385561.457790136337 
001249 1667385561.488626956940 
001250 1667385561.520709991455 
001251 1667385561.549993038177 
001252 1667385561.589688777924 
001253 1667385561.625730514526 
001254 1667385561.649605274200 
001255 1667385561.683818817139 
001256 1667385561.720304012299 
001257 1667385561.755427122116 
001258 1667385561.790749073029 
001259 1667385561.819986820221 
001260 1667385561.855702877045 
001261 1667385561.891158819199 
001262 1667385561.921965360641 
001263 1667385561.956130504608 
001264 1667385561.989533424377 
001265 1667385562.023505926132 
001266 1667385562.057446241379 
001267 1667385562.090630054474 
001268 1667385562.119633197784 
001269 1667385562.148806810379 
001270 1667385562.182910203934 
001271 1667385562.216304063797 
001272 1667385562.255807638168 
001273 1667385562.291178941727 
001274 1667385562.325041294098 
001275 1667385562.356180667877 
001276 1667385562.390386104584 
001277 1667385562.417025804520 
001278 1667385562.456964015961 
001279 1667385562.490001916885 
001280 1667385562.520530462265 
001281 1667385562.556720018387 
001282 1667385562.590219974518 
001283 1667385562.623561382294 
001284 1667385562.656590938568 
001285 1667385562.691017150879 
001286 1667385562.725488185883 
001287 1667385562.756872892380 
001288 1667385562.787879943848 
001289 1667385562.822818040848 
001290 1667385562.857486009598 
001291 1667385562.890278339386 
001292 1667385562.925592184067 
001293 1667385562.955518722534 
001294 1667385562.986094236374 
001295 1667385563.022747278214 
001296 1667385563.056152820587 
001297 1667385563.090112924576 
001298 1667385563.123505353928 
001299 1667385563.155996322632 
001300 1667385563.190160751343 
001301 1667385563.221310853958 
001302 1667385563.256097316742 
001303 1667385563.290889739990 
001304 1667385563.324454784393 
001305 1667385563.354265928268 
001306 1667385563.388120174408 
001307 1667385563.422369003296 
001308 1667385563.453438043594 
001309 1667385563.486372470856 
001310 1667385563.518638134003 
001311 1667385563.554864406586 
001312 1667385563.587565183640 
001313 1667385563.624875545502 
001314 1667385563.655944824219 
001315 1667385563.691273927689 
001316 1667385563.722725629807 
001317 1667385563.758250713348 
001318 1667385563.785629749298 
001319 1667385563.820618152618 
001320 1667385563.857347249985 
001321 1667385563.884677648544 
001322 1667385563.922417402267 
001323 1667385563.955985784531 
001324 1667385563.991248369217 
001325 1667385564.023856639862 
001326 1667385564.054877281189 
001327 1667385564.087003231049 
001328 1667385564.119483947754 
001329 1667385564.157039403915 
001330 1667385564.188651800156 
001331 1667385564.218091726303 
001332 1667385564.255954265594 
001333 1667385564.289741992950 
001334 1667385564.317651510239 
001335 1667385564.356062650681 
001336 1667385564.390820264816 
001337 1667385564.420639276505 
001338 1667385564.454990148544 
001339 1667385564.490551233292 
001340 1667385564.523605108261 
001341 1667385564.553831100464 
001342 1667385564.591032981873 
001343 1667385564.623421430588 
001344 1667385564.653563261032 
001345 1667385564.689782619476 
001346 1667385564.721532344818 
001347 1667385564.756381273270 
001348 1667385564.790861606598 
001349 1667385564.825867414474 
001350 1667385564.858480930328 
001351 1667385564.890340566635 
001352 1667385564.923957347870 
001353 1667385564.955609560013 
001354 1667385564.988281488419 
001355 1667385565.022989749908 
001356 1667385565.054064273834 
001357 1667385565.091647863388 
001358 1667385565.120903730392 
001359 1667385565.159154415131 
001360 1667385565.188289880753 
001361 1667385565.223147630692 
001362 1667385565.253337860107 
001363 1667385565.288800954819 
001364 1667385565.323003053665 
001365 1667385565.355428695679 
001366 1667385565.390469551086 
001367 1667385565.423011779785 
001368 1667385565.459737777710 
001369 1667385565.490442037582 
001370 1667385565.520547628403 
001371 1667385565.555388689041 
001372 1667385565.590459585190 
001373 1667385565.621140956879 
001374 1667385565.656462669373 
001375 1667385565.687388181686 
001376 1667385565.722894668579 
001377 1667385565.757338523865 
001378 1667385565.782369136810 
001379 1667385565.823499202728 
001380 1667385565.855779409409 
001381 1667385565.884957790375 
001382 1667385565.920797824860 
001383 1667385565.950774908066 
001384 1667385565.992432594299 
001385 1667385566.019459247589 
001386 1667385566.055924415588 
001387 1667385566.090704679489 
001388 1667385566.121400356293 
001389 1667385566.154140472412 
001390 1667385566.188205480576 
001391 1667385566.217090368271 
001392 1667385566.257969617844 
001393 1667385566.284076213837 
001394 1667385566.321182966232 
001395 1667385566.348629474640 
001396 1667385566.383517026901 
001397 1667385566.416663885117 
001398 1667385566.459400892258 
001399 1667385566.490884780884 
001400 1667385566.520991802216 
001401 1667385566.556382656097 
001402 1667385566.589936494827 
001403 1667385566.620549201965 
001404 1667385566.655541419983 
001405 1667385566.686506032944 
001406 1667385566.724411725998 
001407 1667385566.756759405136 
001408 1667385566.788472175598 
001409 1667385566.822635173798 
001410 1667385566.857564210892 
001411 1667385566.891281604767 
001412 1667385566.921360254288 
001413 1667385566.956335306168 
001414 1667385566.988097190857 
001415 1667385567.018873453140 
001416 1667385567.050105333328 
001417 1667385567.088994264603 
001418 1667385567.125215053558 
001419 1667385567.155908823013 
001420 1667385567.190858840942 
001421 1667385567.223245859146 
001422 1667385567.256242275238 
001423 1667385567.290451049805 
001424 1667385567.319231987000 
001425 1667385567.355627775192 
001426 1667385567.390072822571 
001427 1667385567.421089410782 
001428 1667385567.451229333878 
001429 1667385567.488954067230 
001430 1667385567.523680925369 
001431 1667385567.556412220001 
001432 1667385567.588192462921 
001433 1667385567.622869968414 
001434 1667385567.658186197281 
001435 1667385567.686309337616 
001436 1667385567.723504781723 
001437 1667385567.754924535751 
001438 1667385567.788336515427 
001439 1667385567.822845697403 
001440 1667385567.858431339264 
001441 1667385567.889180183411 
001442 1667385567.921230316162 
001443 1667385567.958365201950 
001444 1667385567.990877389908 
001445 1667385568.023591995239 
001446 1667385568.050113916397 
001447 1667385568.088210105896 
001448 1667385568.125188350677 
001449 1667385568.155641794205 
001450 1667385568.190116643906 
001451 1667385568.222715854645 
001452 1667385568.256220817566 
001453 1667385568.291621208191 
001454 1667385568.323195219040 
001455 1667385568.355930089951 
001456 1667385568.385803937912 
001457 1667385568.419748067856 
001458 1667385568.455165386200 
001459 1667385568.489744901657 
001460 1667385568.525463104248 
001461 1667385568.555752992630 
001462 1667385568.588407993317 
001463 1667385568.620441913605 
001464 1667385568.655517339706 
001465 1667385568.685361862183 
001466 1667385568.725162744522 
001467 1667385568.758076190948 
001468 1667385568.790605783463 
001469 1667385568.822660684586 
001470 1667385568.858180046082 
001471 1667385568.891781330109 
001472 1667385568.923740148544 
001473 1667385568.952944755554 
001474 1667385568.988159656525 
001475 1667385569.021199226379 
001476 1667385569.055331230164 
001477 1667385569.090900421143 
001478 1667385569.124658107758 
001479 1667385569.153408050537 
001480 1667385569.188013076782 
001481 1667385569.220972061157 
001482 1667385569.252891302109 
001483 1667385569.287329912186 
001484 1667385569.322659492493 
001485 1667385569.358472585678 
001486 1667385569.391280412674 
001487 1667385569.421142578125 
001488 1667385569.450756072998 
001489 1667385569.489759922028 
001490 1667385569.520572185516 
001491 1667385569.555712699890 
001492 1667385569.590416431427 
001493 1667385569.621307373047 
001494 1667385569.652014970779 
001495 1667385569.690518856049 
001496 1667385569.722600460052 
001497 1667385569.753741264343 
001498 1667385569.783047199249 
001499 1667385569.818252086639 
001500 1667385569.855533361435 
001501 1667385569.889674663544 
001502 1667385569.923837900162 
001503 1667385569.952511072159 
001504 1667385569.989675521851 
001505 1667385570.023901939392 
001506 1667385570.058039903641 
001507 1667385570.090648174286 
001508 1667385570.121048212051 
001509 1667385570.154305934906 
001510 1667385570.188620805740 
001511 1667385570.222928285599 
001512 1667385570.255433082581 
001513 1667385570.292251348495 
001514 1667385570.321904897690 
001515 1667385570.357514381409 
001516 1667385570.386845827103 
001517 1667385570.421268701553 
001518 1667385570.458690643311 
001519 1667385570.488491535187 
001520 1667385570.523740768433 
001521 1667385570.554611682892 
001522 1667385570.590695142746 
001523 1667385570.619848966599 
001524 1667385570.654377937317 
001525 1667385570.687952041626 
001526 1667385570.724246263504 
001527 1667385570.756355047226 
001528 1667385570.788476705551 
001529 1667385570.824436903000 
001530 1667385570.853388547897 
001531 1667385570.882318496704 
001532 1667385570.923080205917 
001533 1667385570.955642461777 
001534 1667385570.991526842117 
001535 1667385571.023358106613 
001536 1667385571.057643413544 
001537 1667385571.088191986084 
001538 1667385571.125024080276 
001539 1667385571.155154705048 
001540 1667385571.192379236221 
001541 1667385571.223268032074 
001542 1667385571.257780790329 
001543 1667385571.292136907578 
001544 1667385571.323375463486 
001545 1667385571.350975751877 
001546 1667385571.391220569611 
001547 1667385571.422941207886 
001548 1667385571.456708908081 
001549 1667385571.490981578827 
001550 1667385571.523501157761 
001551 1667385571.555682182312 
001552 1667385571.590380430222 
001553 1667385571.623769521713 
001554 1667385571.658152103424 
001555 1667385571.685870170593 
001556 1667385571.719518423080 
001557 1667385571.754652261734 
001558 1667385571.790040016174 
001559 1667385571.820937156677 
001560 1667385571.858133316040 
001561 1667385571.887894392014 
001562 1667385571.921261787415 
001563 1667385571.956107378006 
001564 1667385571.985447883606 
001565 1667385572.020834207535 
001566 1667385572.055510997772 
001567 1667385572.088415622711 
001568 1667385572.125505924225 
001569 1667385572.155492544174 
001570 1667385572.185483932495 
001571 1667385572.220717430115 
001572 1667385572.256039142609 
001573 1667385572.290484905243 
001574 1667385572.323790073395 
001575 1667385572.358489990234 
001576 1667385572.387985706329 
001577 1667385572.422708272934 
001578 1667385572.457340955734 
001579 1667385572.488489866257 
001580 1667385572.523742675781 
001581 1667385572.552437543869 
001582 1667385572.588153123856 
001583 1667385572.623348236084 
001584 1667385572.655902147293 
001585 1667385572.691485881805 
001586 1667385572.723413944244 
001587 1667385572.757868289948 
001588 1667385572.786221265793 
001589 1667385572.823037385941 
001590 1667385572.855160236359 
001591 1667385572.890357732773 
001592 1667385572.925522565842 
001593 1667385572.955812215805 
001594 1667385572.991984367371 
001595 1667385573.022813796997 
001596 1667385573.057240486145 
001597 1667385573.087935924530 
001598 1667385573.122695922852 
001599 1667385573.155302762985 
001600 1667385573.190829992294 
001601 1667385573.221406698227 
001602 1667385573.255616426468 
001603 1667385573.291495084763 
001604 1667385573.319522142410 
001605 1667385573.355495214462 
001606 1667385573.388260126114 
001607 1667385573.425469398499 
001608 1667385573.455900907516 
001609 1667385573.491113662720 
001610 1667385573.521560192108 
001611 1667385573.555111646652 
001612 1667385573.589223146439 
001613 1667385573.620526790619 
001614 1667385573.653736114502 
001615 1667385573.682779788971 
001616 1667385573.723765850067 
001617 1667385573.753620862961 
001618 1667385573.787519216537 
001619 1667385573.823047637939 
001620 1667385573.852664947510 
001621 1667385573.887342691422 
001622 1667385573.922759294510 
001623 1667385573.949382305145 
001624 1667385573.985945940018 
001625 1667385574.025313138962 
001626 1667385574.053225994110 
001627 1667385574.087670087814 
001628 1667385574.122506380081 
001629 1667385574.157233476639 
001630 1667385574.188872575760 
001631 1667385574.223905801773 
001632 1667385574.255649805069 
001633 1667385574.286202430725 
001634 1667385574.320455789566 
001635 1667385574.355533123016 
001636 1667385574.391137123108 
001637 1667385574.418713092804 
001638 1667385574.457413196564 
001639 1667385574.490921258926 
001640 1667385574.525244712830 
001641 1667385574.555946588516 
001642 1667385574.591128587723 
001643 1667385574.616710901260 
001644 1667385574.651400566101 
001645 1667385574.683089971542 
001646 1667385574.722788810730 
001647 1667385574.758156538010 
001648 1667385574.792123794556 
001649 1667385574.822777509689 
001650 1667385574.858329772949 
001651 1667385574.886463165283 
001652 1667385574.917680740356 
001653 1667385574.953018188477 
001654 1667385574.992271423340 
001655 1667385575.022362232208 
001656 1667385575.056662321091 
001657 1667385575.086189746857 
001658 1667385575.116698980331 
001659 1667385575.150655746460 
001660 1667385575.183182239532 
001661 1667385575.219727754593 
001662 1667385575.248785734177 
001663 1667385575.283967494965 
001664 1667385575.323090553284 
001665 1667385575.357497692108 
001666 1667385575.389010429382 
001667 1667385575.425218105316 
001668 1667385575.454677343369 
001669 1667385575.484586000443 
001670 1667385575.523006439209 
001671 1667385575.551382303238 
001672 1667385575.590607881546 
001673 1667385575.621298789978 
001674 1667385575.655987739563 
001675 1667385575.690836429596 
001676 1667385575.720422267914 
001677 1667385575.755732059479 
001678 1667385575.790426254272 
001679 1667385575.822643518448 
001680 1667385575.856561183929 
001681 1667385575.888211727142 
001682 1667385575.922906875610 
001683 1667385575.956684112549 
001684 1667385575.990295648575 
001685 1667385576.020284652710 
001686 1667385576.056542873383 
001687 1667385576.083561897278 
001688 1667385576.121482849121 
001689 1667385576.155764818192 
001690 1667385576.190367460251 
001691 1667385576.218740463257 
001692 1667385576.255487680435 
001693 1667385576.284169197083 
001694 1667385576.318332433701 
001695 1667385576.355485677719 
001696 1667385576.388185739517 
001697 1667385576.423858404160 
001698 1667385576.454171895981 
001699 1667385576.489125728607 
001700 1667385576.523368358612 
001701 1667385576.553010940552 
001702 1667385576.587184667587 
001703 1667385576.622393131256 
001704 1667385576.656505584717 
001705 1667385576.691003799438 
001706 1667385576.722820997238 
001707 1667385576.755485296249 
001708 1667385576.790399312973 
001709 1667385576.823726654053 
001710 1667385576.850014209747 
001711 1667385576.888031482697 
001712 1667385576.922818183899 
001713 1667385576.957561731339 
001714 1667385576.987980365753 
001715 1667385577.022588491440 
001716 1667385577.055847883224 
001717 1667385577.090694189072 
001718 1667385577.120346784592 
001719 1667385577.155533075333 
001720 1667385577.189338207245 
001721 1667385577.218475103378 
001722 1667385577.256934881210 
001723 1667385577.288002014160 
001724 1667385577.323318481445 
001725 1667385577.354901075363 
001726 1667385577.388518810272 
001727 1667385577.418553590775 
001728 1667385577.454896688461 
001729 1667385577.489864349365 
001730 1667385577.522707223892 
001731 1667385577.556674003601 
001732 1667385577.588590383530 
001733 1667385577.617703676224 
001734 1667385577.653379917145 
001735 1667385577.693342924118 
001736 1667385577.722942590714 
001737 1667385577.755605459213 
001738 1667385577.789299964905 
001739 1667385577.818921804428 
001740 1667385577.853778839111 
001741 1667385577.883410215378 
001742 1667385577.917401313782 
001743 1667385577.956986665726 
001744 1667385577.991539239883 
001745 1667385578.021282434464 
001746 1667385578.056946516037 
001747 1667385578.091235160828 
001748 1667385578.121106863022 
001749 1667385578.153471946716 
001750 1667385578.182899475098 
001751 1667385578.216310024261 
001752 1667385578.249303102493 
001753 1667385578.282496690750 
001754 1667385578.322396516800 
001755 1667385578.353180170059 
001756 1667385578.383312940598 
001757 1667385578.422876596451 
001758 1667385578.452920198441 
001759 1667385578.490293979645 
001760 1667385578.518584012985 
001761 1667385578.549161434174 
001762 1667385578.587597846985 
001763 1667385578.619367837906 
001764 1667385578.653792858124 
001765 1667385578.685934543610 
001766 1667385578.724029302597 
001767 1667385578.754548788071 
001768 1667385578.787341833115 
001769 1667385578.823211669922 
001770 1667385578.855447769165 
001771 1667385578.890325069427 
001772 1667385578.924103021622 
001773 1667385578.958401203156 
001774 1667385578.991407871246 
001775 1667385579.024667978287 
001776 1667385579.058402538300 
001777 1667385579.089656829834 
001778 1667385579.124879598618 
001779 1667385579.159031152725 
001780 1667385579.193094491959 
001781 1667385579.223112583160 
001782 1667385579.258256435394 
001783 1667385579.287840604782 
001784 1667385579.322661638260 
001785 1667385579.354919672012 
001786 1667385579.388148784637 
001787 1667385579.422091245651 
001788 1667385579.453288316727 
001789 1667385579.490591526031 
001790 1667385579.519955396652 
001791 1667385579.553507566452 
001792 1667385579.588294982910 
001793 1667385579.620836019516 
001794 1667385579.652865886688 
001795 1667385579.688419342041 
001796 1667385579.723044633865 
001797 1667385579.754393577576 
001798 1667385579.788620233536 
001799 1667385579.820772171021 
001800 1667385579.855703592300 
001801 1667385579.891277074814 
001802 1667385579.923572063446 
001803 1667385579.957730293274 
001804 1667385579.989166975021 
001805 1667385580.021928071976 
001806 1667385580.055749177933 
001807 1667385580.085806369781 
001808 1667385580.116256475449 
001809 1667385580.155057191849 
001810 1667385580.189890623093 
001811 1667385580.219949960709 
001812 1667385580.255715847015 
001813 1667385580.290352821350 
001814 1667385580.322876214981 
001815 1667385580.357217311859 
001816 1667385580.390794754028 
001817 1667385580.422831773758 
001818 1667385580.453146934509 
001819 1667385580.488789081573 
001820 1667385580.523445844650 
001821 1667385580.558133840561 
001822 1667385580.587764978409 
001823 1667385580.616751909256 
001824 1667385580.654086112976 
001825 1667385580.691341161728 
001826 1667385580.719712257385 
001827 1667385580.749873638153 
001828 1667385580.786446332932 
001829 1667385580.825551033020 
001830 1667385580.858529090881 
001831 1667385580.889497041702 
001832 1667385580.924043893814 
001833 1667385580.957318782806 
001834 1667385580.986773967743 
001835 1667385581.022068500519 
001836 1667385581.051937580109 
001837 1667385581.091327667236 
001838 1667385581.117849826813 
001839 1667385581.155191898346 
001840 1667385581.190225362778 
001841 1667385581.220581769943 
001842 1667385581.257661104202 
001843 1667385581.291287660599 
001844 1667385581.320233821869 
001845 1667385581.355416297913 
001846 1667385581.391142606735 
001847 1667385581.421377420425 
001848 1667385581.457214593887 
001849 1667385581.489677190781 
001850 1667385581.520052909851 
001851 1667385581.554108619690 
001852 1667385581.589853048325 
001853 1667385581.621227502823 
001854 1667385581.656038522720 
001855 1667385581.692502975464 
001856 1667385581.722900629044 
001857 1667385581.753961086273 
001858 1667385581.789607286453 
001859 1667385581.824509382248 
001860 1667385581.855767011642 
001861 1667385581.888801336288 
001862 1667385581.923640251160 
001863 1667385581.953591585159 
001864 1667385581.983366250992 
001865 1667385582.021156787872 
001866 1667385582.049745082855 
001867 1667385582.083835840225 
001868 1667385582.122131109238 
001869 1667385582.153351783752 
001870 1667385582.187984704971 
001871 1667385582.223145246506 
001872 1667385582.254866600037 
001873 1667385582.290993928909 
001874 1667385582.323151350021 
001875 1667385582.355486154556 
001876 1667385582.389084339142 
001877 1667385582.421124935150 
001878 1667385582.456079721451 
001879 1667385582.491077661514 
001880 1667385582.522253990173 
001881 1667385582.553560256958 
001882 1667385582.587947845459 
001883 1667385582.622449636459 
001884 1667385582.655322074890 
001885 1667385582.690307617188 
001886 1667385582.725267410278 
001887 1667385582.758100509644 
001888 1667385582.788501739502 
001889 1667385582.822756052017 
001890 1667385582.850735187531 
001891 1667385582.889273166656 
001892 1667385582.923352003098 
001893 1667385582.958140373230 
001894 1667385582.988007068634 
001895 1667385583.021887779236 
001896 1667385583.056619882584 
001897 1667385583.085939884186 
001898 1667385583.121747016907 
001899 1667385583.153178930283 
001900 1667385583.187639474869 
001901 1667385583.222646236420 
001902 1667385583.257368326187 
001903 1667385583.288847684860 
001904 1667385583.317368268967 
001905 1667385583.351233005524 
001906 1667385583.387871026993 
001907 1667385583.422873973846 
001908 1667385583.455210685730 
001909 1667385583.490784645081 
001910 1667385583.523095130920 
001911 1667385583.550844669342 
001912 1667385583.584353685379 
001913 1667385583.621893405914 
001914 1667385583.656346559525 
001915 1667385583.689922809601 
001916 1667385583.723547220230 
001917 1667385583.754305362701 
001918 1667385583.783979654312 
001919 1667385583.823457002640 
001920 1667385583.855901241302 
001921 1667385583.892241239548 
001922 1667385583.921321868896 
001923 1667385583.955871820450 
001924 1667385583.989918231964 
001925 1667385584.025143146515 
001926 1667385584.055376768112 
001927 1667385584.090392589569 
001928 1667385584.120728015900 
001929 1667385584.155933856964 
001930 1667385584.191241025925 
001931 1667385584.220730066299 
001932 1667385584.255883455276 
001933 1667385584.289952278137 
001934 1667385584.325465917587 
001935 1667385584.356112003326 
001936 1667385584.390244722366 
001937 1667385584.426030397415 
001938 1667385584.450747251511 
001939 1667385584.490030288696 
001940 1667385584.520300626755 
001941 1667385584.554410219193 
001942 1667385584.588490247726 
001943 1667385584.623555183411 
001944 1667385584.658116579056 
001945 1667385584.688634395599 
001946 1667385584.723367452621 
001947 1667385584.758735656738 
001948 1667385584.787531137466 
001949 1667385584.822435379028 
001950 1667385584.858047962189 
001951 1667385584.888548851013 
001952 1667385584.923481702805 
001953 1667385584.957924842834 
001954 1667385584.987890005112 
001955 1667385585.022936582565 
001956 1667385585.057966709137 
001957 1667385585.087672472000 
001958 1667385585.123428344727 
001959 1667385585.156482934952 
001960 1667385585.190443038940 
001961 1667385585.221346139908 
001962 1667385585.256540536880 
001963 1667385585.291217327118 
001964 1667385585.323312759399 
001965 1667385585.357878684998 
001966 1667385585.388173341751 
001967 1667385585.422365903854 
001968 1667385585.455754280090 
001969 1667385585.488402843475 
001970 1667385585.522548675537 
001971 1667385585.552818298340 
001972 1667385585.588861703873 
001973 1667385585.623205423355 
001974 1667385585.654669046402 
001975 1667385585.688935279846 
001976 1667385585.723482370377 
001977 1667385585.753903150558 
001978 1667385585.790014266968 
001979 1667385585.816728591919 
001980 1667385585.855545282364 
001981 1667385585.891408205032 
001982 1667385585.923127651215 
001983 1667385585.958066940308 
001984 1667385585.990921258926 
001985 1667385586.021107673645 
001986 1667385586.055471420288 
001987 1667385586.085990428925 
001988 1667385586.120465517044 
001989 1667385586.155322790146 
001990 1667385586.187391996384 
001991 1667385586.223481655121 
001992 1667385586.258573532104 
001993 1667385586.288073778152 
001994 1667385586.323076486588 
001995 1667385586.356200933456 
001996 1667385586.390995740891 
001997 1667385586.423393487930 
001998 1667385586.458379745483 
001999 1667385586.491414308548 
002000 1667385586.525493621826 
002001 1667385586.553751945496 
002002 1667385586.587626934052 
002003 1667385586.625298023224 
002004 1667385586.650801897049 
002005 1667385586.690998792648 
002006 1667385586.723700761795 
002007 1667385586.755825996399 
002008 1667385586.790880918503 
002009 1667385586.821102857590 
002010 1667385586.856314897537 
002011 1667385586.889745712280 
002012 1667385586.923739910126 
002013 1667385586.958418607712 
002014 1667385586.989488124847 
002015 1667385587.023443222046 
002016 1667385587.058256149292 
002017 1667385587.089123249054 
002018 1667385587.124853610992 
002019 1667385587.157978773117 
002020 1667385587.187802791595 
002021 1667385587.222975730896 
002022 1667385587.255533456802 
002023 1667385587.288935661316 
002024 1667385587.325790882111 
002025 1667385587.356565237045 
002026 1667385587.388954877853 
002027 1667385587.421236276627 
002028 1667385587.455768823624 
002029 1667385587.488247632980 
002030 1667385587.522834539413 
002031 1667385587.555944442749 
002032 1667385587.592433691025 
002033 1667385587.623792409897 
002034 1667385587.654287815094 
002035 1667385587.688454151154 
002036 1667385587.723901510239 
002037 1667385587.758731365204 
002038 1667385587.789461374283 
002039 1667385587.824411869049 
002040 1667385587.852453947067 
002041 1667385587.891893625259 
002042 1667385587.925604581833 
002043 1667385587.956009626389 
002044 1667385587.991722583771 
002045 1667385588.023423433304 
002046 1667385588.052675485611 
002047 1667385588.090138435364 
002048 1667385588.121394872665 
002049 1667385588.154197931290 
002050 1667385588.188516378403 
002051 1667385588.225410699844 
002052 1667385588.257869720459 
002053 1667385588.287763595581 
002054 1667385588.322095155716 
002055 1667385588.356860160828 
002056 1667385588.388228416443 
002057 1667385588.421522855759 
002058 1667385588.454267501831 
002059 1667385588.490584611893 
002060 1667385588.524191617966 
002061 1667385588.556472063065 
002062 1667385588.590002298355 
002063 1667385588.618261098862 
002064 1667385588.654297113419 
002065 1667385588.688189268112 
002066 1667385588.723158836365 
002067 1667385588.753839015961 
002068 1667385588.788179874420 
002069 1667385588.822350263596 
002070 1667385588.855318546295 
002071 1667385588.889643430710 
002072 1667385588.924578905106 
002073 1667385588.952212810516 
002074 1667385588.990365982056 
002075 1667385589.022679090500 
002076 1667385589.056791067123 
002077 1667385589.090633153915 
002078 1667385589.121098279953 
002079 1667385589.158870935440 
002080 1667385589.191467761993 
002081 1667385589.216272354126 
002082 1667385589.251193523407 
002083 1667385589.287293434143 
002084 1667385589.316811800003 
002085 1667385589.352221012115 
002086 1667385589.383444309235 
002087 1667385589.422738790512 
002088 1667385589.453232765198 
002089 1667385589.488814592361 
002090 1667385589.518736124039 
002091 1667385589.550459146500 
002092 1667385589.583323717117 
002093 1667385589.623209953308 
002094 1667385589.656301021576 
002095 1667385589.690442800522 
002096 1667385589.725476741791 
002097 1667385589.757384777069 
002098 1667385589.791907072067 
002099 1667385589.822956800461 
002100 1667385589.855622768402 
002101 1667385589.890829086304 
002102 1667385589.916623115540 
002103 1667385589.957531213760 
002104 1667385589.987974166870 
002105 1667385590.023544073105 
002106 1667385590.058381319046 
002107 1667385590.088601350784 
002108 1667385590.122413635254 
002109 1667385590.158539772034 
002110 1667385590.190301895142 
002111 1667385590.220498085022 
002112 1667385590.255410909653 
002113 1667385590.289088964462 
002114 1667385590.323820352554 
002115 1667385590.355717658997 
002116 1667385590.391851663589 
002117 1667385590.422619342804 
002118 1667385590.453917503357 
002119 1667385590.488504648209 
002120 1667385590.520683050156 
002121 1667385590.557809114456 
002122 1667385590.592429161072 
002123 1667385590.625168323517 
002124 1667385590.658197402954 
002125 1667385590.688756227493 
002126 1667385590.721177101135 
002127 1667385590.756621599197 
002128 1667385590.790112733841 
002129 1667385590.820393085480 
002130 1667385590.858494043350 
002131 1667385590.890807628632 
002132 1667385590.921231508255 
002133 1667385590.955524682999 
002134 1667385590.990285158157 
002135 1667385591.023107767105 
002136 1667385591.056096553802 
002137 1667385591.091372728348 
002138 1667385591.123502016068 
002139 1667385591.157716989517 
002140 1667385591.192526578903 
002141 1667385591.220857620239 
002142 1667385591.257718324661 
002143 1667385591.290370941162 
002144 1667385591.323717355728 
002145 1667385591.355144500732 
002146 1667385591.390279293060 
002147 1667385591.422859430313 
002148 1667385591.456461191177 
002149 1667385591.488106250763 
002150 1667385591.523289442062 
002151 1667385591.557553768158 
002152 1667385591.589653015137 
002153 1667385591.618205547333 
002154 1667385591.653525352478 
002155 1667385591.688451766968 
002156 1667385591.723300695419 
002157 1667385591.754434585571 
002158 1667385591.790050983429 
002159 1667385591.821181774139 
002160 1667385591.856216430664 
002161 1667385591.890525341034 
002162 1667385591.920851230621 
002163 1667385591.956304311752 
002164 1667385591.988305568695 
002165 1667385592.023239135742 
002166 1667385592.052703857422 
002167 1667385592.090148448944 
002168 1667385592.122293949127 
002169 1667385592.156951904297 
002170 1667385592.193095684052 
002171 1667385592.220898628235 
002172 1667385592.256024360657 
002173 1667385592.290796041489 
002174 1667385592.325833559036 
002175 1667385592.356381893158 
002176 1667385592.390265226364 
002177 1667385592.422924757004 
002178 1667385592.455726623535 
002179 1667385592.489568948746 
002180 1667385592.520546436310 
002181 1667385592.555798768997
002182 1667385592.591365098953 
002183 1667385592.623476028442 
002184 1667385592.653534173965 
002185 1667385592.687618970871 
002186 1667385592.723361492157 
002187 1667385592.759166717529 
002188 1667385592.791268348694 
002189 1667385592.823394536972 
002190 1667385592.856222391129 
002191 1667385592.890357255936 
002192 1667385592.921268701553 
002193 1667385592.955978155136 
002194 1667385592.989917993546 
002195 1667385593.020063638687 
002196 1667385593.057759761810 
002197 1667385593.088928699493 
002198 1667385593.123486757278 
002199 1667385593.158052206039 
002200 1667385593.185303449631 
002201 1667385593.222783803940 
002202 1667385593.256668329239 
002203 1667385593.291964292526 
002204 1667385593.321402788162 
002205 1667385593.357246398926 
002206 1667385593.391908884048 
002207 1667385593.420544147491 
002208 1667385593.456687688828 
002209 1667385593.490734815598 
002210 1667385593.523522377014 
002211 1667385593.555437326431 
002212 1667385593.590011358261 
002213 1667385593.621981859207 
002214 1667385593.656183719635 
002215 1667385593.690736532211 
002216 1667385593.721385955811 
002217 1667385593.754990577698 
002218 1667385593.785576581955 
002219 1667385593.823302984238 
002220 1667385593.853639841080 
002221 1667385593.888139009476 
002222 1667385593.924710988998 
002223 1667385593.956158161163 
002224 1667385593.982769727707 
002225 1667385594.023635625839 
002226 1667385594.058935642242 
002227 1667385594.090165138245 
002228 1667385594.122312307358 
002229 1667385594.157806873322 
002230 1667385594.188478708267 
002231 1667385594.224586248398 
002232 1667385594.257409572601 
002233 1667385594.284669160843 
002234 1667385594.318801641464 
002235 1667385594.353231191635 
002236 1667385594.381868124008 
002237 1667385594.420687675476 
002238 1667385594.454313993454 
002239 1667385594.486029148102 
002240 1667385594.521958589554 
002241 1667385594.555768251419 
002242 1667385594.585862874985 
002243 1667385594.624438285828 
002244 1667385594.654010534286 
002245 1667385594.690570354462 
002246 1667385594.723513364792 
002247 1667385594.752857446671 
002248 1667385594.785070419312 
002249 1667385594.822944879532 
002250 1667385594.849226474762 
002251 1667385594.883577346802 
002252 1667385594.919344663620 
002253 1667385594.958336830139 
002254 1667385594.984239339828 
002255 1667385595.019217252731 
002256 1667385595.055795431137 
002257 1667385595.085683822632 
002258 1667385595.124159336090 
002259 1667385595.155902147293 
002260 1667385595.186306953430 
002261 1667385595.221111536026 
002262 1667385595.256467819214 
002263 1667385595.290483951569 
002264 1667385595.323932170868 
002265 1667385595.351116180420 
002266 1667385595.390472888947 
002267 1667385595.423895359039 
002268 1667385595.456138610840 
002269 1667385595.490031003952 
002270 1667385595.524851083755 
002271 1667385595.555608987808 
002272 1667385595.591096639633 
002273 1667385595.624085903168 
002274 1667385595.654512643814 
002275 1667385595.688404321671 
002276 1667385595.723234176636 
002277 1667385595.756004095078 
002278 1667385595.792162418365 
002279 1667385595.823800086975 
002280 1667385595.858627319336 
002281 1667385595.891925811768 
002282 1667385595.922216653824 
002283 1667385595.952997207642 
002284 1667385595.989471197128 
002285 1667385596.023427248001 
002286 1667385596.056060552597 
002287 1667385596.088071107864 
002288 1667385596.121210575104 
002289 1667385596.155135631561 
002290 1667385596.189852237701 
002291 1667385596.222916364670 
002292 1667385596.252174139023 
002293 1667385596.290719509125 
002294 1667385596.320615530014 
002295 1667385596.355916500092 
002296 1667385596.390463113785 
002297 1667385596.420578241348 
002298 1667385596.455116033554 
002299 1667385596.490833997726 
002300 1667385596.521103620529 
002301 1667385596.555495023727 
002302 1667385596.591163158417 
002303 1667385596.621245861053 
002304 1667385596.655903100967 
002305 1667385596.690441846848 
002306 1667385596.720384836197 
002307 1667385596.751370906830 
002308 1667385596.790381908417 
002309 1667385596.822911977768 
002310 1667385596.849372386932 
002311 1667385596.889647245407 
002312 1667385596.923298597336 
002313 1667385596.949498891830 
002314 1667385596.991027832031 
002315 1667385597.021045684814 
002316 1667385597.055990457535 
002317 1667385597.089300632477 
002318 1667385597.124598264694 
002319 1667385597.156009912491 
002320 1667385597.191937685013 
002321 1667385597.221294403076 
002322 1667385597.255588531494 
002323 1667385597.292275905609 
002324 1667385597.316256761551 
002325 1667385597.355403184891 
002326 1667385597.390751361847 
002327 1667385597.425721406937 
002328 1667385597.453732967377 
002329 1667385597.490979433060 
002330 1667385597.522845983505 
002331 1667385597.550524473190 
002332 1667385597.589962720871 
002333 1667385597.623693943024 
002334 1667385597.653426408768 
002335 1667385597.689707040787 
002336 1667385597.722621917725 
002337 1667385597.751326322556 
002338 1667385597.790317296982 
002339 1667385597.821041107178 
002340 1667385597.855314493179 
002341 1667385597.885997056961 
002342 1667385597.923338174820 
002343 1667385597.955858469009 
002344 1667385597.989974260330 
002345 1667385598.016935586929 
002346 1667385598.055407762527 
002347 1667385598.083616018295 
002348 1667385598.121500730515 
002349 1667385598.149256706238 
002350 1667385598.183175086975 
002351 1667385598.220777988434 
002352 1667385598.258808135986 
002353 1667385598.283991575241 
002354 1667385598.319729089737 
002355 1667385598.356755256653 
002356 1667385598.391258955002 
002357 1667385598.423726558685 
002358 1667385598.457275152206 
002359 1667385598.488397359848 
002360 1667385598.524136304855 
002361 1667385598.555892944336 
002362 1667385598.585878849030 
002363 1667385598.620508193970 
002364 1667385598.655690431595 
002365 1667385598.689351797104 
002366 1667385598.723106622696 
002367 1667385598.756526470184 
002368 1667385598.788863182068 
002369 1667385598.823299407959 
002370 1667385598.853085517883 
002371 1667385598.888160467148 
002372 1667385598.922441005707 
002373 1667385598.953010320663 
002374 1667385598.987914323807 
002375 1667385599.025389194489 
002376 1667385599.056374073029 
002377 1667385599.090830564499 
002378 1667385599.120733261108 
002379 1667385599.155951499939 
002380 1667385599.187384843826 
002381 1667385599.223288059235 
002382 1667385599.257907867432 
002383 1667385599.291181325912 
002384 1667385599.324796438217 
002385 1667385599.353852987289 
002386 1667385599.392070293427 
002387 1667385599.422896385193 
002388 1667385599.455304861069 
002389 1667385599.491168737411 
002390 1667385599.523278713226 
002391 1667385599.552732229233 
002392 1667385599.588561058044 
002393 1667385599.625411272049 
002394 1667385599.655739307404 
002395 1667385599.692729711533 
002396 1667385599.723574638367 
002397 1667385599.757535219193 
002398 1667385599.791400909424 
002399 1667385599.820882558823 
002400 1667385599.855346202850 
002401 1667385599.888544082642 
002402 1667385599.918908596039 
002403 1667385599.949608087540 
002404 1667385599.983541727066 
002405 1667385600.018433809280 
002406 1667385600.054640293121 
002407 1667385600.088477849960 
002408 1667385600.123172760010 
002409 1667385600.157730817795 
002410 1667385600.188758134842 
002411 1667385600.225317716599 
002412 1667385600.255610942841 
002413 1667385600.291484117508 
002414 1667385600.322331666946 
002415 1667385600.357082128525 
002416 1667385600.391443967819 
002417 1667385600.422731161118 
002418 1667385600.455954551697 
002419 1667385600.485463857651 
002420 1667385600.518209934235 
002421 1667385600.551130056381 
002422 1667385600.589824438095 
002423 1667385600.622732162476 
002424 1667385600.655620813370 
002425 1667385600.689762353897 
002426 1667385600.725280523300 
002427 1667385600.756040811539 
002428 1667385600.787982940674 
002429 1667385600.817084550858 
002430 1667385600.853203296661 
002431 1667385600.889167070389 
002432 1667385600.922324180603 
002433 1667385600.949924707413 
002434 1667385600.990521907806 
002435 1667385601.023340702057 
002436 1667385601.053319931030 
002437 1667385601.085807085037 
002438 1667385601.122925281525 
002439 1667385601.153765201569 
002440 1667385601.183847427368 
002441 1667385601.219936609268 
002442 1667385601.253754854202 
002443 1667385601.285885095596 
002444 1667385601.320492029190 
002445 1667385601.355031728745 
002446 1667385601.385526657104 
002447 1667385601.416855096817 
002448 1667385601.449724674225 
002449 1667385601.488692522049 
002450 1667385601.518117427826 
002451 1667385601.556528091431 
002452 1667385601.592720985413 
002453 1667385601.623832941055 
002454 1667385601.649748802185 
002455 1667385601.689592838287 
002456 1667385601.720638751984 
002457 1667385601.760077476501 
002458 1667385601.789011240005 
002459 1667385601.823394298553 
002460 1667385601.852948904037 
002461 1667385601.890841007233 
002462 1667385601.916339159012 
002463 1667385601.955374717712 
002464 1667385601.989810943604 
002465 1667385602.023478269577 
002466 1667385602.055728197098 
002467 1667385602.088253974915 
002468 1667385602.124761581421 
002469 1667385602.155952215195 
002470 1667385602.191575527191 
002471 1667385602.220162630081 
002472 1667385602.255392074585 
002473 1667385602.290308713913 
002474 1667385602.321411609650 
002475 1667385602.357530117035 
002476 1667385602.388565540314 
002477 1667385602.423178672791 
002478 1667385602.457529306412 
002479 1667385602.490298509598 
002480 1667385602.523903846741 
002481 1667385602.555755138397 
002482 1667385602.588272094727 
002483 1667385602.624776601791 
002484 1667385602.656468153000 
002485 1667385602.689039468765 
002486 1667385602.723471879959 
002487 1667385602.754521608353 
002488 1667385602.790520668030 
002489 1667385602.823912143707 
002490 1667385602.856897830963 
002491 1667385602.893249988556 
002492 1667385602.923278570175 
002493 1667385602.956438541412 
002494 1667385602.991139888763 
002495 1667385603.021111965179 
002496 1667385603.058182716370 
002497 1667385603.089015960693 
002498 1667385603.123846054077 
002499 1667385603.156739711761 
002500 1667385603.187488317490 
002501 1667385603.222256898880 
002502 1667385603.250702857971 
002503 1667385603.286042690277 
002504 1667385603.323287725449 
002505 1667385603.355567932129 
002506 1667385603.390806198120 
002507 1667385603.423252105713 
002508 1667385603.456330299377 
002509 1667385603.491955041885 
002510 1667385603.523282051086 
002511 1667385603.557589292526 
002512 1667385603.588688850403 
002513 1667385603.623805761337 
002514 1667385603.658184528351 
002515 1667385603.688570976257 
002516 1667385603.722917318344 
002517 1667385603.753691911697 
002518 1667385603.790366172791 
002519 1667385603.823931932449 
002520 1667385603.857169628143 
002521 1667385603.887653350830 
002522 1667385603.922905683517 
002523 1667385603.955856800079 
002524 1667385603.989236116409 
002525 1667385604.023863077164 
002526 1667385604.057904958725 
002527 1667385604.090994119644 
002528 1667385604.121371030807 
002529 1667385604.156250000000 
002530 1667385604.191077232361 
002531 1667385604.222480773926 
002532 1667385604.258476257324 
002533 1667385604.290442705154 
002534 1667385604.322862625122 
002535 1667385604.356372594833 
002536 1667385604.388344049454 
002537 1667385604.422682285309 
002538 1667385604.455767631531 
002539 1667385604.490530490875 
002540 1667385604.524113178253 
002541 1667385604.553868770599 
002542 1667385604.588766574860 
002543 1667385604.620362758636 
002544 1667385604.655331611633 
002545 1667385604.689620256424 
002546 1667385604.724820137024 
002547 1667385604.756437063217 
002548 1667385604.791262149811 
002549 1667385604.820585966110 
002550 1667385604.855099678040 
002551 1667385604.890236854553 
002552 1667385604.923228502274 
002553 1667385604.956702947617 
002554 1667385604.987534046173 
002555 1667385605.022649765015 
002556 1667385605.055875539780 
002557 1667385605.088177442551 
002558 1667385605.123929977417 
002559 1667385605.157895088196 
002560 1667385605.187784671783 
002561 1667385605.222450017929 
002562 1667385605.257422447205 
002563 1667385605.291254281998 
002564 1667385605.322462558746 
002565 1667385605.358143568039 
002566 1667385605.382976770401 
002567 1667385605.419605493546 
002568 1667385605.452709436417 
002569 1667385605.485156059265 
002570 1667385605.516471385956 
002571 1667385605.554851770401 
002572 1667385605.590713977814 
002573 1667385605.618904113770 
002574 1667385605.652607440948 
002575 1667385605.686449050903 
002576 1667385605.716968059540 
002577 1667385605.751168012619 
002578 1667385605.785506248474 
002579 1667385605.820880174637 
002580 1667385605.856036901474 
002581 1667385605.890596866608 
002582 1667385605.925299882889 
002583 1667385605.950073719025 
002584 1667385605.985068321228 
002585 1667385606.016851186752 
002586 1667385606.057141542435 
002587 1667385606.088189363480 
002588 1667385606.120165109634 
002589 1667385606.149852275848 
002590 1667385606.188145875931 
002591 1667385606.222809791565 
002592 1667385606.251227140427 
002593 1667385606.283541202545 
002594 1667385606.316519021988 
002595 1667385606.357119083405 
002596 1667385606.390923023224 
002597 1667385606.421607017517 
002598 1667385606.455764293671 
002599 1667385606.493218183517
002600 1667385606.522874355316
002601 1667385606.557894945145
002602 1667385606.588003158569
002603 1667385606.624926567078
002604 1667385606.652291774750
002605 1667385606.685924768448
002606 1667385606.724235057831
002607 1667385606.751289606094
002608 1667385606.790709257126
002609 1667385606.822770118713
002610 1667385606.855774402618
002611 1667385606.890313148499
002612 1667385606.923711776733
002613 1667385606.956234693527
002614 1667385606.991313457489
002615 1667385607.023173093796
002616 1667385607.049685239792
002617 1667385607.092144966125
002618 1667385607.126582622528
002619 1667385607.157366514206
002620 1667385607.191158533096
002621 1667385607.225665807724
002622 1667385607.254578351974
002623 1667385607.286276578903
002624 1667385607.322800874710
002625 1667385607.354404211044
002626 1667385607.388114929199
002627 1667385607.422223329544
002628 1667385607.449937582016
002629 1667385607.490118741989
002630 1667385607.519215106964
002631 1667385607.557511806488
002632 1667385607.584558010101
002633 1667385607.620565414429
002634 1667385607.656175613403
002635 1667385607.682869911194
002636 1667385607.722633838654
002637 1667385607.749729633331
002638 1667385607.788678169250
002639 1667385607.821043014526
002640 1667385607.853466272354
002641 1667385607.887275218964
002642 1667385607.922971963882
002643 1667385607.956330060959
002644 1667385607.990741729736
002645 1667385608.025504589081
002646 1667385608.055857896805
002647 1667385608.083243131638
002648 1667385608.117489099503
002649 1667385608.155780553818
002650 1667385608.189453125000
002651 1667385608.222746849060
002652 1667385608.255531549454
002653 1667385608.286040544510
002654 1667385608.321262836456
002655 1667385608.355533599854
002656 1667385608.386409282684
002657 1667385608.420639753342
002658 1667385608.457550525665
002659 1667385608.489485740662
002660 1667385608.523103952408
002661 1667385608.558202981949
002662 1667385608.591139793396
002663 1667385608.620768547058
002664 1667385608.654597520828
002665 1667385608.686811208725
002666 1667385608.723835468292
002667 1667385608.758028030396
002668 1667385608.791479349136
002669 1667385608.825511217117
002670 1667385608.859006166458
002671 1667385608.890972137451
002672 1667385608.924358129501
002673 1667385608.953363418579
002674 1667385608.987206459045
002675 1667385609.023005962372
002676 1667385609.056771755219
002677 1667385609.088540077209
002678 1667385609.123442411423
002679 1667385609.155567407608
002680 1667385609.188092947006
002681 1667385609.223101615906
002682 1667385609.257797718048
002683 1667385609.291884183884
002684 1667385609.326090097427
002685 1667385609.355414152145
002686 1667385609.390029907227
002687 1667385609.421044111252
002688 1667385609.455460548401
002689 1667385609.491275072098
002690 1667385609.520300865173
002691 1667385609.553692579269
002692 1667385609.587846994400
002693 1667385609.623268604279
002694 1667385609.658048868179
002695 1667385609.688112020493
002696 1667385609.723709106445
002697 1667385609.756243467331
002698 1667385609.786461353302
002699 1667385609.820896863937
002700 1667385609.856121301651
002701 1667385609.891193628311
002702 1667385609.924173355103
002703 1667385609.955200672150
002704 1667385609.990300178528
002705 1667385610.018258810043
002706 1667385610.054975509644
002707 1667385610.091018438339
002708 1667385610.121209144592
002709 1667385610.156436443329
002710 1667385610.190826654434
002711 1667385610.223040103912
002712 1667385610.258248090744
002713 1667385610.286092519760
002714 1667385610.321024417877
002715 1667385610.355852365494
002716 1667385610.389704704285
002717 1667385610.423227310181
002718 1667385610.458193778992
002719 1667385610.490918397903
002720 1667385610.521658658981
002721 1667385610.556095600128
002722 1667385610.589531421661
002723 1667385610.619020938873
002724 1667385610.654948949814
002725 1667385610.689230680466
002726 1667385610.721855163574
002727 1667385610.758379220963
002728 1667385610.791319370270
002729 1667385610.818112373352
002730 1667385610.854384899139
002731 1667385610.882102489471
002732 1667385610.923543930054
002733 1667385610.958679437637
002734 1667385610.993469476700
002735 1667385611.016790628433
002736 1667385611.055183172226
002737 1667385611.087153434753
002738 1667385611.119515419006
002739 1667385611.154529809952
002740 1667385611.188088178635
002741 1667385611.221287488937
002742 1667385611.257486104965
002743 1667385611.291017532349
002744 1667385611.320705652237
002745 1667385611.355894565582
002746 1667385611.387797594070
002747 1667385611.423107862473
002748 1667385611.457181215286
002749 1667385611.487865447998
002750 1667385611.518073320389
002751 1667385611.556295156479
002752 1667385611.592062473297
002753 1667385611.623445987701
002754 1667385611.656864166260
002755 1667385611.691752910614
002756 1667385611.722201824188
002757 1667385611.757906198502
002758 1667385611.785619735718
002759 1667385611.819826602936
002760 1667385611.853485584259
002761 1667385611.891132831573
002762 1667385611.919697761536
002763 1667385611.955215215683
002764 1667385611.988382577896
002765 1667385612.023459911346
002766 1667385612.055806159973
002767 1667385612.091184377670
002768 1667385612.123517513275
002769 1667385612.156905412674
002770 1667385612.187794446945
002771 1667385612.218148469925
002772 1667385612.254736185074
002773 1667385612.283912897110
002774 1667385612.323049306870
002775 1667385612.353037118912
002776 1667385612.388694047928
002777 1667385612.419517040253
002778 1667385612.453872203827
002779 1667385612.490481138229
002780 1667385612.519326210022
002781 1667385612.556737661362
002782 1667385612.588741540909
002783 1667385612.623087167740
002784 1667385612.658036947250
002785 1667385612.690507173538
002786 1667385612.722887039185
002787 1667385612.758615970612
002788 1667385612.787430524826
002789 1667385612.821615457535
002790 1667385612.858379840851
002791 1667385612.890130043030
002792 1667385612.924374341965
002793 1667385612.955797672272
002794 1667385612.990787267685
002795 1667385613.023532867432
002796 1667385613.049590826035
002797 1667385613.090842723846
002798 1667385613.120344400406
002799 1667385613.155667066574
002800 1667385613.190371274948
002801 1667385613.221108198166
002802 1667385613.255522966385
002803 1667385613.284794092178
002804 1667385613.320619106293
002805 1667385613.354901313782
002806 1667385613.388854265213
002807 1667385613.423044443130
002808 1667385613.456153154373
002809 1667385613.486687660217
002810 1667385613.522857189178
002811 1667385613.552938938141
002812 1667385613.588352680206
002813 1667385613.620703220367
002814 1667385613.655939817429
002815 1667385613.689476728439
002816 1667385613.723273992538
002817 1667385613.754137516022
002818 1667385613.789661645889
002819 1667385613.821191310883
002820 1667385613.853063821793
002821 1667385613.888296127319
002822 1667385613.925578832626
002823 1667385613.954452514648
002824 1667385613.987905740738
002825 1667385614.023196697235
002826 1667385614.049867391586
002827 1667385614.086661100388
002828 1667385614.120821475983
002829 1667385614.156429052353
002830 1667385614.189291000366
002831 1667385614.218878984451
002832 1667385614.253146409988
002833 1667385614.283876180649
002834 1667385614.323392868042
002835 1667385614.353356122971
002836 1667385614.383182048798
002837 1667385614.424715280533
002838 1667385614.455432891846
002839 1667385614.489744186401
002840 1667385614.520949602127
002841 1667385614.556992053986
002842 1667385614.586398363113
002843 1667385614.621018886566
002844 1667385614.655957937241
002845 1667385614.684415102005
002846 1667385614.718532323837
002847 1667385614.754834890366
002848 1667385614.789842367172
002849 1667385614.821084737778
002850 1667385614.858462572098
002851 1667385614.891031026840
002852 1667385614.923881530762
002853 1667385614.957722902298
002854 1667385614.991131305695
002855 1667385615.024266481400
002856 1667385615.055596590042
002857 1667385615.092090368271
002858 1667385615.124218702316
002859 1667385615.155095577240
002860 1667385615.191045522690
002861 1667385615.218140840530
002862 1667385615.256303310394
002863 1667385615.286255121231
002864 1667385615.318988800049
002865 1667385615.355843067169
002866 1667385615.386886119843
002867 1667385615.416925430298
002868 1667385615.455435991287
002869 1667385615.483047962189
002870 1667385615.523077726364
002871 1667385615.554375171661
002872 1667385615.588604688644
002873 1667385615.622515916824
002874 1667385615.653463840485
002875 1667385615.688090801239
002876 1667385615.719346046448
002877 1667385615.754649400711
002878 1667385615.789795398712
002879 1667385615.823793172836
002880 1667385615.855285882950
002881 1667385615.891578197479
002882 1667385615.921190261841
002883 1667385615.956253528595
002884 1667385615.990284919739
002885 1667385616.023564815521
002886 1667385616.055149793625
002887 1667385616.090165615082
002888 1667385616.125500917435
002889 1667385616.156630039215
002890 1667385616.186262845993
002891 1667385616.226402521133
002892 1667385616.255797147751
002893 1667385616.287484169006
002894 1667385616.321353912354
002895 1667385616.354269742966
002896 1667385616.391085863113
002897 1667385616.422525405884
002898 1667385616.457501173019
002899 1667385616.489934444427
002900 1667385616.526222944260
002901 1667385616.555696725845
002902 1667385616.588234186172
002903 1667385616.622954368591
002904 1667385616.655768156052
002905 1667385616.689625024796
002906 1667385616.726053714752
002907 1667385616.756480216980
002908 1667385616.788886785507
002909 1667385616.822842121124
002910 1667385616.857021331787
002911 1667385616.892576456070
002912 1667385616.922693014145
002913 1667385616.955476999283
002914 1667385616.991271972656
002915 1667385617.025596857071
002916 1667385617.054543256760
002917 1667385617.089703083038
002918 1667385617.124558925629
002919 1667385617.159111976624
002920 1667385617.190133094788
002921 1667385617.222711801529
002922 1667385617.253354787827
002923 1667385617.285652875900
002924 1667385617.323908567429
002925 1667385617.355130195618
002926 1667385617.388523101807
002927 1667385617.424926996231
002928 1667385617.455341577530
002929 1667385617.487689256668
002930 1667385617.522553205490
002931 1667385617.555319309235
002932 1667385617.591205596924
002933 1667385617.625522375107
002934 1667385617.653363704681
002935 1667385617.692747831345
002936 1667385617.722931861877
002937 1667385617.755492448807
002938 1667385617.790817022324
002939 1667385617.824105024338
002940 1667385617.855732202530
002941 1667385617.887716531754
002942 1667385617.925935506821
002943 1667385617.955129146576
002944 1667385617.989789724350
002945 1667385618.023950338364
002946 1667385618.056472778320
002947 1667385618.090512037277
002948 1667385618.125826358795
002949 1667385618.156301736832
002950 1667385618.188437700272
002951 1667385618.223270416260
002952 1667385618.249643087387
002953 1667385618.286527633667
002954 1667385618.324737310410
002955 1667385618.357266426086
002956 1667385618.387712955475
002957 1667385618.424402952194
002958 1667385618.458072423935
002959 1667385618.489003658295
002960 1667385618.522361278534
002961 1667385618.555908918381
002962 1667385618.588335037231
002963 1667385618.623364925385
002964 1667385618.658464670181
002965 1667385618.693161964417
002966 1667385618.723503351212
002967 1667385618.752844810486
002968 1667385618.791361808777
002969 1667385618.820058107376
002970 1667385618.854869604111
002971 1667385618.890356302261
002972 1667385618.923947095871
002973 1667385618.957794189453
002974 1667385618.990529537201
002975 1667385619.022740602493
002976 1667385619.055628776550
002977 1667385619.090554237366
002978 1667385619.122398614883
002979 1667385619.158223390579
002980 1667385619.191029071808
002981 1667385619.222639083862
002982 1667385619.256122589111
002983 1667385619.290683507919
002984 1667385619.322945833206
002985 1667385619.349648714066
002986 1667385619.389953851700
002987 1667385619.423978090286
002988 1667385619.456236362457
002989 1667385619.490565299988
002990 1667385619.520591497421
002991 1667385619.553629636765
002992 1667385619.582786560059
002993 1667385619.623727321625
002994 1667385619.655355691910
002995 1667385619.689633369446
002996 1667385619.720993518829
002997 1667385619.755434751511
002998 1667385619.788997650146